326551.89901591773	4128134.805627903	0
326551.91375449486	4128134.806328938	0
326551.92849307205	4128134.807029973	0
326551.9432316492	4128134.8077310077	0
326551.9579702263	4128134.8084320426	0
326551.9727088035	4128134.8091330775	0
326551.9874473806	4128134.8098341124	0
326552.00218595774	4128134.8105351473	0
326552.01692453487	4128134.811236182	0
326552.03166311205	4128134.811937217	0
326552.0464016892	4128134.812638252	0
326552.0611402663	4128134.813339287	0
326552.0758788435	4128134.8140403214	0
326552.0906174206	4128134.8147413563	0
326552.10535599774	4128134.815442391	0
326552.12009457493	4128134.816143426	0
326552.13483315206	4128134.816844461	0
326552.1495717292	4128134.817545496	0
326552.1643103063	4128134.818246531	0
326552.1790488835	4128134.8189475657	0
326552.1937874606	4128134.8196486006	0
326552.20852603775	4128134.8203496356	0
326552.22326461494	4128134.8210506705	0
326552.23800319206	4128134.8217517054	0
326552.2527417692	4128134.8224527403	0
326552.2674803464	4128134.823153775	0
326552.2822189235	4128134.82385481	0
326552.2969575006	4128134.824555845	0
326552.31169607776	4128134.82525688	0
326552.32643465494	4128134.825957915	0
326552.34117323207	4128134.8266589497	0
326552.3559118092	4128134.8273599846	0
326552.3706503864	4128134.8280610195	0
326552.3853889635	4128134.8287620544	0
326552.40012754063	4128134.8294630894	0
326552.4148661178	4128134.830164124	0
326552.42960469495	4128134.8308651587	0
326552.4443432721	4128134.8315661936	0
326552.4590818492	4128134.8322672285	0
326552.4738204264	4128134.8329682634	0
326552.4885590035	4128134.8336692983	0
326552.50329758064	4128134.8343703332	0
326552.5180361578	4128134.835071368	0
326552.53277473495	4128134.835772403	0
326552.5475133121	4128134.836473438	0
326552.56225188926	4128134.837174473	0
326552.5769904664	4128134.837875508	0
326552.5917290435	4128134.8385765427	0
326552.60646762064	4128134.8392775776	0
326552.62120619783	4128134.8399786125	0
326552.63594477496	4128134.8406796474	0
326552.6506833521	4128134.8413806823	0
326552.66542192927	4128134.842081717	0
326552.6801605064	4128134.842782752	0
326552.6948990835	4128134.843483787	0
326552.7096376607	4128134.844184822	0
326552.72437623783	4128134.844885857	0
326552.73911481496	4128134.8455868913	0
326552.7538533921	4128134.846287926	0
326552.7685919693	4128134.846988961	0
326552.7833305464	4128134.847689996	0
326552.7980691235	4128134.848391031	0
326552.8128077007	4128134.849092066	0
326552.82754627784	4128134.8497931007	0
326552.84228485497	4128134.8504941356	0
326552.85702343215	4128134.8511951705	0
326552.8717620093	4128134.8518962055	0
326552.8865005864	4128134.8525972404	0
326552.9012391636	4128134.8532982753	0
326552.9159777407	4128134.85399931	0
326552.93071631785	4128134.854700345	0
326552.945454895	4128134.85540138	0
326552.96019347216	4128134.856102415	0
326552.9749320493	4128134.85680345	0
326552.9896706264	4128134.8575044847	0
326553.0044092036	4128134.8582055196	0
326553.0191477807	4128134.8589065545	0
326553.03388635785	4128134.8596075894	0
326553.04862493504	4128134.8603086243	0
326553.06336351216	4128134.8610096592	0
326553.0781020893	4128134.8617106937	0
326553.0928406664	4128134.8624117286	0
326553.1075792436	4128134.8631127635	0
326553.12231782073	4128134.8638137984	0
326553.13705639786	4128134.8645148333	0
326553.15179497504	4128134.865215868	0
326553.16653355217	4128134.865916903	0
326553.1812721293	4128134.866617938	0
326553.1960107065	4128134.867318973	0
326553.2107492836	4128134.868020008	0
326553.22548786073	4128134.8687210428	0
326553.24022643786	4128134.8694220777	0
326553.25496501505	4128134.8701231126	0
326553.2697035922	4128134.8708241475	0
326553.2844421693	4128134.8715251824	0
326553.2991807465	4128134.8722262173	0
326553.3139193236	4128134.872927252	0
326553.32865790074	4128134.873628287	0
326553.3433964779	4128134.874329322	0
326553.35813505505	4128134.875030357	0
326553.3728736322	4128134.875731392	0
326553.3876122093	4128134.8764324267	0
326553.4023507865	4128134.8771334616	0
326553.4170893636	4128134.877834496	0
326553.43182794075	4128134.878535531	0
326553.44656651793	4128134.879236566	0
326553.46130509506	4128134.879937601	0
326553.4760436722	4128134.8806386357	0
326553.49078224937	4128134.8813396706	0
326553.5055208265	4128134.8820407055	0
326553.5202594036	4128134.8827417404	0
326553.53499798075	4128134.8834427753	0
326553.54973655794	4128134.8841438103	0
326553.56447513506	4128134.884844845	0
326553.5792137122	4128134.88554588	0
326553.5939522894	4128134.886246915	0
326553.6086908665	4128134.88694795	0
326553.6234294436	4128134.887648985	0
326553.6381680208	4128134.8883500197	0
326553.65290659794	4128134.8890510546	0
326553.66764517507	4128134.8897520895	0
326553.6823837522	4128134.8904531244	0
326553.6971223294	4128134.8911541593	0
326553.7118609065	4128134.8918551942	0
326553.72659948363	4128134.892556229	0
326553.7413380608	4128134.8932572636	0
326553.75607663795	4128134.8939582985	0
326553.7708152151	4128134.8946593334	0
326553.78555379226	4128134.8953603683	0
326553.8002923694	4128134.896061403	0
326553.8150309465	4128134.896762438	0
326553.8297695237	4128134.897463473	0
326553.8445081008	4128134.898164508	0
326553.85924667795	4128134.898865543	0
326553.8739852551	4128134.8995665777	0
326553.88872383226	4128134.9002676127	0
326553.9034624094	4128134.9009686476	0
326553.9182009865	4128134.9016696825	0
326553.9329395637	4128134.9023707174	0
326553.94767814083	4128134.9030717523	0
326553.96241671796	4128134.903772787	0
326553.97715529514	4128134.904473822	0
326553.99189387227	4128134.905174857	0
326554.0066324494	4128134.905875892	0
326554.0213710265	4128134.906576927	0
326554.0361096037	4128134.9072779617	0
326554.05084818084	4128134.9079789966	0
326554.06558675796	4128134.9086800315	0
326554.08032533515	4128134.909381066	0
326554.0950639123	4128134.910082101	0
326554.1098024894	4128134.910783136	0
326554.1245410666	4128134.9114841707	0
326554.1392796437	4128134.9121852056	0
326554.15401822084	4128134.9128862405	0
326554.16875679797	4128134.9135872754	0
326554.18349537515	4128134.9142883103	0
326554.1982339523	4128134.9149893452	0
326554.2129725294	4128134.91569038	0
326554.2277111066	4128134.916391415	0
326554.2424496837	4128134.91709245	0
326554.25718826085	4128134.917793485	0
326554.27192683803	4128134.91849452	0
326554.28666541516	4128134.9191955547	0
326554.3014039923	4128134.9198965896	0
326554.3161425694	4128134.9205976245	0
326554.3308811466	4128134.9212986594	0
326554.3456197237	4128134.9219996943	0
326554.36035830085	4128134.922700729	0
326554.37509687804	4128134.923401764	0
326554.38983545516	4128134.924102799	0
326554.4045740323	4128134.924803834	0
326554.4193126095	4128134.9255048684	0
326554.4340511866	4128134.9262059033	0
326554.44878976373	4128134.926906938	0
326554.46352834086	4128134.927607973	0
326554.47826691804	4128134.928309008	0
326554.49300549517	4128134.929010043	0
326554.5077440723	4128134.929711078	0
326554.5224826495	4128134.9304121127	0
326554.5372212266	4128134.9311131476	0
326554.55195980374	4128134.9318141825	0
326554.5666983809	4128134.9325152175	0
326554.58143695805	4128134.9332162524	0
326554.5961755352	4128134.9339172873	0
326554.61091411236	4128134.934618322	0
326554.6256526895	4128134.935319357	0
326554.6403912666	4128134.936020392	0
326554.65512984374	4128134.936721427	0
326554.6698684209	4128134.937422462	0
326554.68460699805	4128134.9381234967	0
326554.6993455752	4128134.9388245316	0
326554.71408415237	4128134.9395255665	0
326554.7288227295	4128134.9402266014	0
326554.7435613066	4128134.9409276363	0
326554.7582998838	4128134.941628671	0
326554.77303846093	4128134.9423297057	0
326554.78777703806	4128134.9430307406	0
326554.8025156152	4128134.9437317755	0
326554.81725419237	4128134.9444328104	0
326554.8319927695	4128134.9451338453	0
326554.8467313466	4128134.94583488	0
326554.8614699238	4128134.946535915	0
326554.87620850094	4128134.94723695	0
326554.89094707806	4128134.947937985	0
326554.90568565525	4128134.94863902	0
326554.9204242324	4128134.9493400548	0
326554.9351628095	4128134.9500410897	0
326554.94990138663	4128134.9507421246	0
326554.9646399638	4128134.9514431595	0
326554.97937854094	4128134.9521441944	0
326554.99411711807	4128134.9528452293	0
326555.00885569525	4128134.953546264	0
326555.0235942724	4128134.954247299	0
326555.0383328495	4128134.954948334	0
326555.0530714267	4128134.955649369	0
326555.0678100038	4128134.956350404	0
326555.08254858095	4128134.9570514383	0
326555.0972871581	4128134.957752473	0
326555.11202573526	4128134.958453508	0
326555.1267643124	4128134.959154543	0
326555.1415028895	4128134.959855578	0
326555.1562414667	4128134.960556613	0
326555.1709800438	4128134.9612576477	0
326555.18571862095	4128134.9619586826	0
326555.20045719814	4128134.9626597175	0
326555.21519577526	4128134.9633607524	0
326555.2299343524	4128134.9640617874	0
326555.2446729295	4128134.9647628223	0
326555.2594115067	4128134.965463857	0
326555.27415008383	4128134.966164892	0
326555.28888866096	4128134.966865927	0
326555.30362723814	4128134.967566962	0
326555.31836581527	4128134.968267997	0
326555.3331043924	4128134.9689690317	0
326555.3478429696	4128134.9696700666	0
326555.3625815467	4128134.9703711015	0
326555.37732012384	4128134.9710721364	0
326555.39205870096	4128134.9717731713	0
326555.40679727815	4128134.9724742062	0
326555.4215358553	4128134.9731752407	0
326555.4362744324	4128134.9738762756	0
326555.4510130096	4128134.9745773105	0
326555.4657515867	4128134.9752783454	0
326555.48049016384	4128134.9759793803	0
326555.495228741	4128134.976680415	0
326555.50996731815	4128134.97738145	0
326555.5247058953	4128134.978082485	0
326555.53944447247	4128134.97878352	0
326555.5541830496	4128134.979484555	0
326555.5689216267	4128134.9801855898	0
326555.58366020385	4128134.9808866247	0
326555.59839878103	4128134.9815876596	0
326555.61313735816	4128134.9822886945	0
326555.6278759353	4128134.9829897294	0
326555.6426145125	4128134.9836907643	0
326555.6573530896	4128134.984391799	0
326555.6720916667	4128134.985092834	0
326555.6868302439	4128134.985793869	0
326555.70156882104	4128134.986494904	0
326555.71630739816	4128134.987195939	0
326555.7310459753	4128134.9878969737	0
326555.7457845525	4128134.9885980086	0
326555.7605231296	4128134.989299043	0
326555.77526170673	4128134.990000078	0
326555.7900002839	4128134.990701113	0
326555.80473886104	4128134.991402148	0
326555.81947743817	4128134.9921031827	0
326555.83421601536	4128134.9928042176	0
326555.8489545925	4128134.9935052525	0
326555.8636931696	4128134.9942062874	0
326555.87843174674	4128134.9949073223	0
326555.8931703239	4128134.9956083572	0
326555.90790890105	4128134.996309392	0
326555.9226474782	4128134.997010427	0
326555.93738605536	4128134.997711462	0
326555.9521246325	4128134.998412497	0
326555.9668632096	4128134.999113532	0
326555.9816017868	4128134.9998145667	0
326555.9963403639	4128135.0005156016	0
326556.01107894105	4128135.0012166365	0
326556.0258175182	4128135.0019176714	0
326556.04055609537	4128135.0026187063	0
326556.0552946725	4128135.003319741	0
326556.0700332496	4128135.004020776	0
326556.0847718268	4128135.0047218106	0
326556.09951040393	4128135.0054228455	0
326556.11424898106	4128135.0061238804	0
326556.12898755824	4128135.0068249153	0
326556.1437261354	4128135.00752595	0
326556.1584647125	4128135.008226985	0
326556.1732032896	4128135.00892802	0
326556.1879418668	4128135.009629055	0
326556.20268044394	4128135.01033009	0
326556.21741902106	4128135.0110311247	0
326556.23215759825	4128135.0117321596	0
326556.2468961754	4128135.0124331946	0
326556.2616347525	4128135.0131342295	0
326556.2763733297	4128135.0138352644	0
326556.2911119068	4128135.0145362993	0
326556.30585048394	4128135.015237334	0
326556.32058906107	4128135.015938369	0
326556.33532763825	4128135.016639404	0
326556.3500662154	4128135.017340439	0
326556.3648047925	4128135.018041474	0
326556.3795433697	4128135.0187425087	0
326556.3942819468	4128135.0194435436	0
326556.40902052395	4128135.0201445785	0
326556.42375910113	4128135.020845613	0
326556.43849767826	4128135.021546648	0
326556.4532362554	4128135.022247683	0
326556.4679748326	4128135.0229487177	0
326556.4827134097	4128135.0236497526	0
326556.4974519868	4128135.0243507875	0
326556.51219056395	4128135.0250518224	0
326556.52692914114	4128135.0257528573	0
326556.54166771827	4128135.0264538922	0
326556.5564062954	4128135.027154927	0
326556.5711448726	4128135.027855962	0
326556.5858834497	4128135.028556997	0
326556.60062202683	4128135.029258032	0
326556.615360604	4128135.029959067	0
326556.63009918114	4128135.0306601017	0
326556.6448377583	4128135.0313611366	0
326556.6595763354	4128135.0320621715	0
326556.6743149126	4128135.0327632064	0
326556.6890534897	4128135.0334642413	0
326556.70379206684	4128135.034165276	0
326556.718530644	4128135.034866311	0
326556.73326922115	4128135.035567346	0
326556.7480077983	4128135.036268381	0
326556.76274637546	4128135.0369694154	0
326556.7774849526	4128135.0376704503	0
326556.7922235297	4128135.038371485	0
326556.80696210684	4128135.03907252	0
326556.821700684	4128135.039773555	0
326556.83643926115	4128135.04047459	0
326556.8511778383	4128135.041175625	0
326556.86591641547	4128135.0418766597	0
326556.8806549926	4128135.0425776946	0
326556.8953935697	4128135.0432787295	0
326556.9101321469	4128135.0439797645	0
326556.92487072403	4128135.0446807994	0
326556.93960930116	4128135.0453818343	0
326556.9543478783	4128135.046082869	0
326556.9690864555	4128135.046783904	0
326556.9838250326	4128135.047484939	0
326556.9985636097	4128135.048185974	0
326557.0133021869	4128135.048887009	0
326557.02804076404	4128135.0495880437	0
326557.04277934117	4128135.0502890786	0
326557.05751791835	4128135.0509901135	0
326557.0722564955	4128135.0516911484	0
326557.0869950726	4128135.0523921833	0
326557.10173364973	4128135.053093218	0
326557.1164722269	4128135.0537942527	0
326557.13121080404	4128135.0544952876	0
326557.14594938117	4128135.0551963225	0
326557.16068795836	4128135.0558973574	0
326557.1754265355	4128135.0565983923	0
326557.1901651126	4128135.057299427	0
326557.2049036898	4128135.058000462	0
326557.2196422669	4128135.058701497	0
326557.23438084405	4128135.059402532	0
326557.2491194212	4128135.060103567	0
326557.26385799836	4128135.0608046018	0
326557.2785965755	4128135.0615056367	0
326557.2933351526	4128135.0622066716	0
326557.3080737298	4128135.0629077065	0
326557.3228123069	4128135.0636087414	0
326557.33755088405	4128135.0643097763	0
326557.35228946124	4128135.065010811	0
326557.36702803837	4128135.065711846	0
326557.3817666155	4128135.066412881	0
326557.3965051927	4128135.067113916	0
326557.4112437698	4128135.067814951	0
326557.42598234693	4128135.0685159853	0
326557.44072092406	4128135.06921702	0
326557.45545950125	4128135.069918055	0
326557.4701980784	4128135.07061909	0
326557.4849366555	4128135.071320125	0
326557.4996752327	4128135.07202116	0
326557.5144138098	4128135.0727221947	0
326557.52915238694	4128135.0734232296	0
326557.5438909641	4128135.0741242645	0
326557.55862954125	4128135.0748252994	0
326557.5733681184	4128135.0755263343	0
326557.5881066955	4128135.0762273693	0
326557.6028452727	4128135.076928404	0
326557.6175838498	4128135.077629439	0
326557.63232242694	4128135.078330474	0
326557.6470610041	4128135.079031509	0
326557.66179958126	4128135.079732544	0
326557.6765381584	4128135.0804335787	0
326557.69127673557	4128135.0811346136	0
326557.7060153127	4128135.0818356485	0
326557.7207538898	4128135.0825366834	0
326557.73549246695	4128135.0832377183	0
326557.75023104413	4128135.083938753	0
326557.76496962126	4128135.0846397877	0
326557.7797081984	4128135.0853408226	0
326557.7944467756	4128135.0860418575	0
326557.8091853527	4128135.0867428924	0
326557.8239239298	4128135.0874439273	0
326557.838662507	4128135.088144962	0
326557.85340108414	4128135.088845997	0
326557.86813966127	4128135.089547032	0
326557.8828782384	4128135.090248067	0
326557.8976168156	4128135.090949102	0
326557.9123553927	4128135.0916501367	0
326557.92709396983	4128135.0923511717	0
326557.941832547	4128135.0930522066	0
326557.95657112414	4128135.0937532415	0
326557.9713097013	4128135.0944542764	0
326557.98604827846	4128135.0951553113	0
326558.0007868556	4128135.095856346	0
326558.0155254327	4128135.096557381	0
326558.03026400984	4128135.097258416	0
326558.045002587	4128135.097959451	0
326558.05974116415	4128135.098660486	0
326558.0744797413	4128135.0993615207	0
326558.08921831846	4128135.1000625556	0
326558.1039568956	4128135.10076359	0
326558.1186954727	4128135.101464625	0
326558.1334340499	4128135.10216566	0
326558.148172627	4128135.102866695	0
326558.16291120416	4128135.1035677297	0
326558.17764978134	4128135.1042687646	0
326558.19238835847	4128135.1049697995	0
326558.2071269356	4128135.1056708344	0
326558.2218655127	4128135.1063718693	0
326558.2366040899	4128135.1070729042	0
326558.25134266703	4128135.107773939	0
326558.26608124416	4128135.108474974	0
326558.28081982135	4128135.109176009	0
326558.2955583985	4128135.109877044	0
326558.3102969756	4128135.110578079	0
326558.3250355528	4128135.1112791137	0
326558.3397741299	4128135.1119801486	0
326558.35451270704	4128135.1126811835	0
326558.36925128417	4128135.1133822184	0
326558.38398986135	4128135.1140832533	0
326558.3987284385	4128135.114784288	0
326558.4134670156	4128135.115485323	0
326558.4282055928	4128135.1161863576	0
326558.4429441699	4128135.1168873925	0
326558.45768274704	4128135.1175884274	0
326558.47242132423	4128135.1182894623	0
326558.48715990136	4128135.118990497	0
326558.5018984785	4128135.119691532	0
326558.5166370556	4128135.120392567	0
326558.5313756328	4128135.121093602	0
326558.5461142099	4128135.121794637	0
326558.56085278705	4128135.1224956717	0
326558.57559136424	4128135.1231967066	0
326558.59032994136	4128135.1238977415	0
326558.6050685185	4128135.1245987765	0
326558.6198070957	4128135.1252998114	0
326558.6345456728	4128135.1260008463	0
326558.6492842499	4128135.126701881	0
326558.66402282706	4128135.127402916	0
326558.67876140424	4128135.128103951	0
326558.69349998137	4128135.128804986	0
326558.7082385585	4128135.129506021	0
326558.7229771357	4128135.1302070557	0
326558.7377157128	4128135.1309080906	0
326558.75245428993	4128135.1316091255	0
326558.7671928671	4128135.13231016	0
326558.78193144425	4128135.133011195	0
326558.7966700214	4128135.13371223	0
326558.8114085985	4128135.1344132647	0
326558.8261471757	4128135.1351142996	0
326558.8408857528	4128135.1358153345	0
326558.85562432994	4128135.1365163694	0
326558.8703629071	4128135.1372174043	0
326558.88510148425	4128135.137918439	0
326558.8998400614	4128135.138619474	0
326558.91457863856	4128135.139320509	0
326558.9293172157	4128135.140021544	0
326558.9440557928	4128135.140722579	0
326558.95879436994	4128135.1414236138	0
326558.97353294713	4128135.1421246487	0
326558.98827152426	4128135.1428256836	0
326559.0030101014	4128135.1435267185	0
326559.01774867857	4128135.1442277534	0
326559.0324872557	4128135.1449287883	0
326559.0472258328	4128135.145629823	0
326559.06196441	4128135.146330858	0
326559.07670298713	4128135.147031893	0
326559.09144156426	4128135.147732928	0
326559.10618014145	4128135.1484339624	0
326559.1209187186	4128135.1491349973	0
326559.1356572957	4128135.149836032	0
326559.1503958728	4128135.150537067	0
326559.16513445	4128135.151238102	0
326559.17987302714	4128135.151939137	0
326559.19461160427	4128135.152640172	0
326559.20935018145	4128135.1533412067	0
326559.2240887586	4128135.1540422416	0
326559.2388273357	4128135.1547432765	0
326559.2535659129	4128135.1554443114	0
326559.26830449	4128135.1561453464	0
326559.28304306715	4128135.1568463813	0
326559.2977816443	4128135.157547416	0
326559.31252022146	4128135.158248451	0
326559.3272587986	4128135.158949486	0
326559.3419973757	4128135.159650521	0
326559.3567359529	4128135.160351556	0
326559.37147453	4128135.1610525907	0
326559.38621310715	4128135.1617536256	0
326559.40095168434	4128135.1624546605	0
326559.41569026146	4128135.1631556954	0
326559.4304288386	4128135.1638567303	0
326559.4451674157	4128135.164557765	0
326559.4599059929	4128135.1652587997	0
326559.47464457003	4128135.1659598346	0
326559.48938314716	4128135.1666608695	0
326559.50412172434	4128135.1673619044	0
326559.51886030147	4128135.1680629393	0
326559.5335988786	4128135.168763974	0
326559.5483374558	4128135.169465009	0
326559.5630760329	4128135.170166044	0
326559.57781461003	4128135.170867079	0
326559.59255318716	4128135.171568114	0
326559.60729176435	4128135.1722691488	0
326559.6220303415	4128135.1729701837	0
326559.6367689186	4128135.1736712186	0
326559.6515074958	4128135.1743722535	0
326559.6662460729	4128135.1750732884	0
326559.68098465004	4128135.1757743233	0
326559.6957232272	4128135.176475358	0
326559.71046180435	4128135.177176393	0
326559.7252003815	4128135.177877428	0
326559.7399389586	4128135.178578463	0
326559.7546775358	4128135.179279498	0
326559.7694161129	4128135.1799805323	0
326559.78415469005	4128135.180681567	0
326559.79889326723	4128135.181382602	0
326559.81363184436	4128135.182083637	0
326559.8283704215	4128135.182784672	0
326559.84310899867	4128135.183485707	0
326559.8578475758	4128135.1841867417	0
326559.8725861529	4128135.1848877766	0
326559.88732473005	4128135.1855888115	0
326559.90206330724	4128135.1862898464	0
326559.91680188436	4128135.1869908813	0
326559.9315404615	4128135.1876919162	0
326559.9462790387	4128135.188392951	0
326559.9610176158	4128135.189093986	0
326559.97575619293	4128135.189795021	0
326559.9904947701	4128135.190496056	0
326560.00523334724	4128135.191197091	0
326560.01997192437	4128135.1918981257	0
326560.03471050155	4128135.1925991606	0
326560.0494490787	4128135.1933001955	0
326560.0641876558	4128135.1940012304	0
326560.07892623293	4128135.1947022653	0
326560.0936648101	4128135.1954033	0
326560.10840338725	4128135.1961043347	0
326560.1231419644	4128135.1968053696	0
326560.13788054156	4128135.1975064045	0
326560.1526191187	4128135.1982074394	0
326560.1673576958	4128135.1989084743	0
326560.182096273	4128135.199609509	0
326560.1968348501	4128135.200310544	0
326560.21157342725	4128135.201011579	0
326560.2263120044	4128135.201712614	0
326560.24105058156	4128135.202413649	0
326560.2557891587	4128135.2031146837	0
326560.2705277358	4128135.2038157186	0
326560.285266313	4128135.2045167536	0
326560.30000489013	4128135.2052177885	0
326560.31474346726	4128135.2059188234	0
326560.32948204444	4128135.2066198583	0
326560.34422062157	4128135.207320893	0
326560.3589591987	4128135.208021928	0
326560.3736977758	4128135.208722963	0
326560.388436353	4128135.209423998	0
326560.40317493014	4128135.210125033	0
326560.41791350726	4128135.2108260677	0
326560.43265208445	4128135.2115271026	0
326560.4473906616	4128135.212228137	0
326560.4621292387	4128135.212929172	0
326560.4768678159	4128135.213630207	0
326560.491606393	4128135.214331242	0
326560.50634497014	4128135.2150322767	0
326560.52108354727	4128135.2157333116	0
326560.53582212445	4128135.2164343465	0
326560.5505607016	4128135.2171353814	0
326560.5652992787	4128135.2178364163	0
326560.5800378559	4128135.2185374512	0
326560.594776433	4128135.219238486	0
326560.60951501015	4128135.219939521	0
326560.62425358733	4128135.220640556	0
326560.63899216446	4128135.221341591	0
326560.6537307416	4128135.222042626	0
326560.6684693187	4128135.2227436607	0
326560.6832078959	4128135.2234446956	0
326560.697946473	4128135.2241457305	0
326560.71268505015	4128135.2248467654	0
326560.72742362734	4128135.2255478003	0
326560.74216220446	4128135.226248835	0
326560.7569007816	4128135.22694987	0
326560.7716393588	4128135.2276509046	0
326560.7863779359	4128135.2283519395	0
326560.80111651303	4128135.2290529744	0
326560.81585509016	4128135.2297540093	0
326560.83059366734	4128135.230455044	0
326560.84533224447	4128135.231156079	0
326560.8600708216	4128135.231857114	0
326560.8748093988	4128135.232558149	0
326560.8895479759	4128135.233259184	0
326560.90428655304	4128135.2339602187	0
326560.9190251302	4128135.2346612536	0
326560.93376370735	4128135.2353622885	0
326560.9485022845	4128135.2360633234	0
326560.96324086166	4128135.2367643584	0
326560.9779794388	4128135.2374653933	0
326560.9927180159	4128135.238166428	0
326561.00745659304	4128135.238867463	0
326561.0221951702	4128135.239568498	0
326561.03693374735	4128135.240269533	0
326561.0516723245	4128135.240970568	0
326561.06641090167	4128135.2416716027	0
326561.0811494788	4128135.2423726376	0
326561.0958880559	4128135.2430736725	0
326561.1106266331	4128135.243774707	0
326561.12536521023	4128135.244475742	0
326561.14010378736	4128135.245176777	0
326561.1548423645	4128135.2458778117	0
326561.16958094167	4128135.2465788466	0
326561.1843195188	4128135.2472798815	0
326561.1990580959	4128135.2479809164	0
326561.2137966731	4128135.2486819513	0
326561.22853525024	4128135.249382986	0
326561.24327382736	4128135.250084021	0
326561.25801240455	4128135.250785056	0
326561.2727509817	4128135.251486091	0
326561.2874895588	4128135.252187126	0
326561.30222813593	4128135.2528881608	0
326561.3169667131	4128135.2535891957	0
326561.33170529024	4128135.2542902306	0
326561.34644386737	4128135.2549912655	0
326561.36118244455	4128135.2556923004	0
326561.3759210217	4128135.2563933353	0
326561.3906595988	4128135.25709437	0
326561.405398176	4128135.257795405	0
326561.4201367531	4128135.25849644	0
326561.43487533025	4128135.259197475	0
326561.4496139074	4128135.2598985094	0
326561.46435248456	4128135.2605995443	0
326561.4790910617	4128135.261300579	0
326561.4938296388	4128135.262001614	0
326561.508568216	4128135.262702649	0
326561.5233067931	4128135.263403684	0
326561.53804537025	4128135.264104719	0
326561.55278394744	4128135.2648057537	0
326561.56752252456	4128135.2655067886	0
326561.5822611017	4128135.2662078235	0
326561.5969996788	4128135.2669088584	0
326561.611738256	4128135.2676098933	0
326561.62647683313	4128135.2683109283	0
326561.64121541026	4128135.269011963	0
326561.65595398744	4128135.269712998	0
326561.67069256457	4128135.270414033	0
326561.6854311417	4128135.271115068	0
326561.7001697189	4128135.271816103	0
326561.714908296	4128135.2725171377	0
326561.72964687314	4128135.2732181726	0
326561.7443854503	4128135.2739192075	0
326561.75912402745	4128135.2746202424	0
326561.7738626046	4128135.2753212773	0
326561.7886011817	4128135.2760223118	0
326561.8033397589	4128135.2767233467	0
326561.818078336	4128135.2774243816	0
326561.83281691314	4128135.2781254165	0
326561.8475554903	4128135.2788264514	0
326561.86229406745	4128135.2795274863	0
326561.8770326446	4128135.280228521	0
326561.89177122177	4128135.280929556	0
326561.9065097989	4128135.281630591	0
326561.921248376	4128135.282331626	0
326561.93598695315	4128135.283032661	0
326561.95072553033	4128135.2837336957	0
326561.96546410746	4128135.2844347307	0
326561.9802026846	4128135.2851357656	0
326561.9949412618	4128135.2858368005	0
326562.0096798389	4128135.2865378354	0
326562.024418416	4128135.2872388703	0
326562.0391569932	4128135.287939905	0
326562.05389557034	4128135.28864094	0
326562.06863414746	4128135.289341975	0
326562.0833727246	4128135.29004301	0
326562.0981113018	4128135.290744045	0
326562.1128498789	4128135.2914450793	0
326562.12758845603	4128135.292146114	0
326562.1423270332	4128135.292847149	0
326562.15706561034	4128135.293548184	0
326562.17180418747	4128135.294249219	0
326562.18654276466	4128135.294950254	0
326562.2012813418	4128135.2956512887	0
326562.2160199189	4128135.2963523236	0
326562.23075849604	4128135.2970533585	0
326562.2454970732	4128135.2977543934	0
326562.26023565035	4128135.2984554283	0
326562.2749742275	4128135.2991564632	0
326562.28971280466	4128135.299857498	0
326562.3044513818	4128135.300558533	0
326562.3191899589	4128135.301259568	0
326562.3339285361	4128135.301960603	0
326562.3486671132	4128135.302661638	0
326562.36340569035	4128135.3033626727	0
326562.3781442675	4128135.3040637076	0
326562.39288284467	4128135.3047647425	0
326562.4076214218	4128135.3054657774	0
326562.4223599989	4128135.3061668123	0
326562.4370985761	4128135.306867847	0
326562.45183715323	4128135.3075688817	0
326562.46657573036	4128135.3082699166	0
326562.48131430754	4128135.3089709515	0
326562.4960528847	4128135.3096719864	0
326562.5107914618	4128135.3103730213	0
326562.5255300389	4128135.311074056	0
326562.5402686161	4128135.311775091	0
326562.55500719324	4128135.312476126	0
326562.56974577036	4128135.313177161	0
326562.58448434755	4128135.313878196	0
326562.5992229247	4128135.3145792307	0
326562.6139615018	4128135.3152802656	0
326562.628700079	4128135.3159813005	0
326562.6434386561	4128135.3166823355	0
326562.65817723324	4128135.3173833704	0
326562.6729158104	4128135.3180844053	0
326562.68765438756	4128135.31878544	0
326562.7023929647	4128135.319486475	0
326562.7171315418	4128135.32018751	0
326562.731870119	4128135.320888545	0
326562.7466086961	4128135.32158958	0
326562.76134727325	4128135.3222906147	0
326562.77608585043	4128135.3229916496	0
326562.79082442756	4128135.323692684	0
326562.8055630047	4128135.324393719	0
326562.8203015819	4128135.325094754	0
326562.835040159	4128135.325795789	0
326562.8497787361	4128135.3264968237	0
326562.86451731325	4128135.3271978586	0
326562.87925589044	4128135.3278988935	0
326562.89399446757	4128135.3285999284	0
326562.9087330447	4128135.3293009633	0
326562.9234716219	4128135.330001998	0
326562.938210199	4128135.330703033	0
326562.95294877613	4128135.331404068	0
326562.9676873533	4128135.332105103	0
326562.98242593044	4128135.332806138	0
326562.9971645076	4128135.3335071728	0
326563.0119030847	4128135.3342082077	0
326563.0266416619	4128135.3349092426	0
326563.041380239	4128135.3356102775	0
326563.05611881614	4128135.3363113124	0
326563.0708573933	4128135.3370123473	0
326563.08559597045	4128135.337713382	0
326563.1003345476	4128135.338414417	0
326563.11507312476	4128135.3391154516	0
326563.1298117019	4128135.3398164865	0
326563.144550279	4128135.3405175214	0
326563.15928885614	4128135.3412185563	0
326563.1740274333	4128135.341919591	0
326563.18876601045	4128135.342620626	0
326563.2035045876	4128135.343321661	0
326563.21824316477	4128135.344022696	0
326563.2329817419	4128135.344723731	0
326563.247720319	4128135.3454247657	0
326563.2624588962	4128135.3461258006	0
326563.27719747333	4128135.3468268355	0
326563.29193605046	4128135.3475278704	0
326563.3066746276	4128135.3482289053	0
326563.3214132048	4128135.3489299403	0
326563.3361517819	4128135.349630975	0
326563.350890359	4128135.35033201	0
326563.3656289362	4128135.351033045	0
326563.38036751334	4128135.35173408	0
326563.39510609047	4128135.352435115	0
326563.40984466765	4128135.3531361497	0
326563.4245832448	4128135.3538371846	0
326563.4393218219	4128135.3545382195	0
326563.45406039903	4128135.355239254	0
326563.4687989762	4128135.355940289	0
326563.48353755334	4128135.356641324	0
326563.4982761305	4128135.3573423587	0
326563.51301470766	4128135.3580433936	0
326563.5277532848	4128135.3587444285	0
326563.5424918619	4128135.3594454634	0
326563.5572304391	4128135.3601464983	0
326563.5719690162	4128135.360847533	0
326563.58670759335	4128135.361548568	0
326563.60144617053	4128135.362249603	0
326563.61618474766	4128135.362950638	0
326563.6309233248	4128135.363651673	0
326563.6456619019	4128135.3643527078	0
326563.6604004791	4128135.3650537427	0
326563.6751390562	4128135.3657547776	0
326563.68987763335	4128135.3664558125	0
326563.70461621054	4128135.3671568474	0
326563.71935478767	4128135.3678578823	0
326563.7340933648	4128135.368558917	0
326563.748831942	4128135.369259952	0
326563.7635705191	4128135.369960987	0
326563.77830909623	4128135.370662022	0
326563.79304767336	4128135.3713630564	0
326563.80778625055	4128135.3720640913	0
326563.8225248277	4128135.372765126	0
326563.8372634048	4128135.373466161	0
326563.852001982	4128135.374167196	0
326563.8667405591	4128135.374868231	0
326563.88147913624	4128135.375569266	0
326563.8962177134	4128135.3762703007	0
326563.91095629055	4128135.3769713356	0
326563.9256948677	4128135.3776723705	0
326563.9404334448	4128135.3783734054	0
326563.955172022	4128135.3790744403	0
326563.9699105991	4128135.3797754752	0
326563.98464917624	4128135.38047651	0
326563.9993877534	4128135.381177545	0
326564.01412633056	4128135.38187858	0
326564.0288649077	4128135.382579615	0
326564.04360348487	4128135.38328065	0
326564.058342062	4128135.3839816847	0
326564.0730806391	4128135.3846827196	0
326564.08781921625	4128135.3853837545	0
326564.10255779343	4128135.3860847894	0
326564.11729637056	4128135.3867858243	0
326564.1320349477	4128135.3874868588	0
326564.1467735249	4128135.3881878937	0
326564.161512102	4128135.3888889286	0
326564.1762506791	4128135.3895899635	0
326564.1909892563	4128135.3902909984	0
326564.20572783344	4128135.3909920333	0
326564.22046641057	4128135.391693068	0
326564.2352049877	4128135.392394103	0
326564.2499435649	4128135.393095138	0
326564.264682142	4128135.393796173	0
326564.27942071913	4128135.394497208	0
326564.2941592963	4128135.3951982427	0
326564.30889787344	4128135.3958992776	0
326564.3236364506	4128135.3966003126	0
326564.33837502776	4128135.3973013475	0
326564.3531136049	4128135.3980023824	0
326564.367852182	4128135.3987034173	0
326564.38259075914	4128135.399404452	0
326564.3973293363	4128135.400105487	0
326564.41206791345	4128135.400806522	0
326564.4268064906	4128135.401507557	0
326564.44154506776	4128135.402208592	0
326564.4562836449	4128135.4029096263	0
326564.471022222	4128135.403610661	0
326564.4857607992	4128135.404311696	0
326564.5004993763	4128135.405012731	0
326564.51523795346	4128135.405713766	0
326564.52997653064	4128135.406414801	0
326564.54471510777	4128135.4071158357	0
326564.5594536849	4128135.4078168706	0
326564.574192262	4128135.4085179055	0
326564.5889308392	4128135.4092189404	0
326564.60366941633	4128135.4099199753	0
326564.61840799346	4128135.41062101	0
326564.63314657065	4128135.411322045	0
326564.6478851478	4128135.41202308	0
326564.6626237249	4128135.412724115	0
326564.6773623021	4128135.41342515	0
326564.6921008792	4128135.414126185	0
326564.70683945634	4128135.4148272197	0
326564.72157803347	4128135.4155282546	0
326564.73631661065	4128135.4162292895	0
326564.7510551878	4128135.4169303244	0
326564.7657937649	4128135.4176313593	0
326564.7805323421	4128135.418332394	0
326564.7952709192	4128135.4190334287	0
326564.81000949634	4128135.4197344636	0
326564.82474807353	4128135.4204354985	0
326564.83948665066	4128135.4211365334	0
326564.8542252278	4128135.4218375683	0
326564.8689638049	4128135.422538603	0
326564.8837023821	4128135.423239638	0
326564.8984409592	4128135.423940673	0
326564.91317953635	4128135.424641708	0
326564.92791811354	4128135.425342743	0
326564.94265669066	4128135.4260437777	0
326564.9573952678	4128135.4267448126	0
326564.972133845	4128135.4274458475	0
326564.9868724221	4128135.4281468824	0
326565.0016109992	4128135.4288479174	0
326565.01634957636	4128135.4295489523	0
326565.03108815354	4128135.430249987	0
326565.04582673067	4128135.430951022	0
326565.0605653078	4128135.431652057	0
326565.075303885	4128135.432353092	0
326565.0900424621	4128135.433054127	0
326565.10478103923	4128135.4337551617	0
326565.1195196164	4128135.4344561966	0
326565.13425819355	4128135.435157231	0
326565.1489967707	4128135.435858266	0
326565.1637353478	4128135.436559301	0
326565.178473925	4128135.437260336	0
326565.1932125021	4128135.4379613707	0
326565.20795107924	4128135.4386624056	0
326565.2226896564	4128135.4393634405	0
326565.23742823355	4128135.4400644754	0
326565.2521668107	4128135.4407655103	0
326565.26690538786	4128135.441466545	0
326565.281643965	4128135.44216758	0
326565.2963825421	4128135.442868615	0
326565.3111211193	4128135.44356965	0
326565.32585969643	4128135.444270685	0
326565.34059827356	4128135.4449717198	0
326565.3553368507	4128135.4456727547	0
326565.37007542787	4128135.4463737896	0
326565.384814005	4128135.4470748245	0
326565.3995525821	4128135.4477758594	0
326565.4142911593	4128135.4484768943	0
326565.42902973644	4128135.449177929	0
326565.44376831356	4128135.449878964	0
326565.45850689075	4128135.4505799985	0
326565.4732454679	4128135.4512810335	0
326565.487984045	4128135.4519820684	0
326565.5027226221	4128135.4526831033	0
326565.5174611993	4128135.453384138	0
326565.53219977644	4128135.454085173	0
326565.54693835357	4128135.454786208	0
326565.56167693075	4128135.455487243	0
326565.5764155079	4128135.456188278	0
326565.591154085	4128135.4568893127	0
326565.6058926622	4128135.4575903476	0
326565.6206312393	4128135.4582913825	0
326565.63536981645	4128135.4589924174	0
326565.6501083936	4128135.4596934523	0
326565.66484697076	4128135.4603944873	0
326565.6795855479	4128135.461095522	0
326565.694324125	4128135.461796557	0
326565.7090627022	4128135.462497592	0
326565.7238012793	4128135.463198627	0
326565.73853985645	4128135.463899662	0
326565.75327843364	4128135.4646006967	0
326565.76801701076	4128135.4653017316	0
326565.7827555879	4128135.4660027665	0
326565.797494165	4128135.466703801	0
326565.8122327422	4128135.467404836	0
326565.82697131933	4128135.4681058708	0
326565.84170989646	4128135.4688069057	0
326565.85644847364	4128135.4695079406	0
326565.87118705077	4128135.4702089755	0
326565.8859256279	4128135.4709100104	0
326565.9006642051	4128135.4716110453	0
326565.9154027822	4128135.47231208	0
326565.93014135933	4128135.473013115	0
326565.94487993646	4128135.47371415	0
326565.95961851365	4128135.474415185	0
326565.9743570908	4128135.47511622	0
326565.9890956679	4128135.4758172547	0
326566.0038342451	4128135.4765182897	0
326566.0185728222	4128135.4772193246	0
326566.03331139934	4128135.4779203595	0
326566.0480499765	4128135.4786213944	0
326566.06278855365	4128135.4793224293	0
326566.0775271308	4128135.480023464	0
326566.0922657079	4128135.480724499	0
326566.1070042851	4128135.481425534	0
326566.1217428622	4128135.482126569	0
326566.13648143935	4128135.4828276034	0
326566.15122001653	4128135.4835286383	0
326566.16595859366	4128135.484229673	0
326566.1806971708	4128135.484930708	0
326566.19543574797	4128135.485631743	0
326566.2101743251	4128135.486332778	0
326566.2249129022	4128135.487033813	0
326566.2396514794	4128135.4877348477	0
326566.25439005654	4128135.4884358826	0
326566.26912863366	4128135.4891369175	0
326566.2838672108	4128135.4898379524	0
326566.298605788	4128135.4905389873	0
326566.3133443651	4128135.4912400222	0
326566.32808294223	4128135.491941057	0
326566.3428215194	4128135.492642092	0
326566.35756009654	4128135.493343127	0
326566.37229867367	4128135.494044162	0
326566.38703725085	4128135.494745197	0
326566.401775828	4128135.4954462317	0
326566.4165144051	4128135.4961472666	0
326566.43125298223	4128135.4968483015	0
326566.4459915594	4128135.4975493364	0
326566.46073013655	4128135.4982503713	0
326566.4754687137	4128135.4989514058	0
326566.49020729086	4128135.4996524407	0
326566.504945868	4128135.5003534756	0
326566.5196844451	4128135.5010545105	0
326566.5344230223	4128135.5017555454	0
326566.5491615994	4128135.5024565803	0
326566.56390017655	4128135.503157615	0
326566.5786387537	4128135.50385865	0
326566.59337733086	4128135.504559685	0
326566.608115908	4128135.50526072	0
326566.6228544851	4128135.505961755	0
326566.6375930623	4128135.5066627897	0
326566.65233163943	4128135.5073638246	0
326566.66707021656	4128135.5080648595	0
326566.68180879374	4128135.5087658945	0
326566.69654737087	4128135.5094669294	0
326566.711285948	4128135.5101679643	0
326566.7260245251	4128135.510868999	0
326566.7407631023	4128135.511570034	0
326566.75550167944	4128135.512271069	0
326566.77024025656	4128135.512972104	0
326566.78497883375	4128135.513673139	0
326566.7997174109	4128135.5143741732	0
326566.814455988	4128135.515075208	0
326566.8291945652	4128135.515776243	0
326566.8439331423	4128135.516477278	0
326566.85867171944	4128135.517178313	0
326566.87341029657	4128135.517879348	0
326566.88814887375	4128135.5185803827	0
326566.9028874509	4128135.5192814176	0
326566.917626028	4128135.5199824525	0
326566.9323646052	4128135.5206834874	0
326566.9471031823	4128135.5213845223	0
326566.96184175945	4128135.522085557	0
326566.97658033663	4128135.522786592	0
326566.99131891376	4128135.523487627	0
326567.0060574909	4128135.524188662	0
326567.020796068	4128135.524889697	0
326567.0355346452	4128135.5255907318	0
326567.0502732223	4128135.5262917667	0
326567.06501179945	4128135.5269928016	0
326567.07975037664	4128135.5276938365	0
326567.09448895376	4128135.5283948714	0
326567.1092275309	4128135.5290959063	0
326567.1239661081	4128135.529796941	0
326567.1387046852	4128135.5304979756	0
326567.15344326233	4128135.5311990106	0
326567.1681818395	4128135.5319000455	0
326567.18292041664	4128135.5326010804	0
326567.19765899377	4128135.5333021153	0
326567.2123975709	4128135.53400315	0
326567.2271361481	4128135.534704185	0
326567.2418747252	4128135.53540522	0
326567.25661330234	4128135.536106255	0
326567.2713518795	4128135.53680729	0
326567.28609045665	4128135.5375083247	0
326567.3008290338	4128135.5382093596	0
326567.31556761096	4128135.5389103945	0
326567.3303061881	4128135.5396114294	0
326567.3450447652	4128135.5403124643	0
326567.35978334234	4128135.5410134993	0
326567.3745219195	4128135.541714534	0
326567.38926049665	4128135.542415569	0
326567.4039990738	4128135.543116604	0
326567.41873765097	4128135.543817639	0
326567.4334762281	4128135.544518674	0
326567.4482148052	4128135.5452197087	0
326567.4629533824	4128135.5459207436	0
326567.47769195953	4128135.546621778	0
326567.49243053666	4128135.547322813	0
326567.5071691138	4128135.548023848	0
326567.52190769097	4128135.548724883	0
326567.5366462681	4128135.5494259177	0
326567.5513848452	4128135.5501269526	0
326567.5661234224	4128135.5508279875	0
326567.58086199954	4128135.5515290224	0
326567.59560057666	4128135.5522300573	0
326567.61033915385	4128135.552931092	0
326567.625077731	4128135.553632127	0
326567.6398163081	4128135.554333162	0
326567.65455488523	4128135.555034197	0
326567.6692934624	4128135.555735232	0
326567.68403203954	4128135.5564362668	0
326567.69877061667	4128135.5571373017	0
326567.71350919385	4128135.5578383366	0
326567.728247771	4128135.5585393715	0
326567.7429863481	4128135.5592404064	0
326567.7577249253	4128135.5599414413	0
326567.7724635024	4128135.560642476	0
326567.78720207955	4128135.561343511	0
326567.8019406567	4128135.562044546	0
326567.81667923386	4128135.5627455804	0
326567.831417811	4128135.5634466154	0
326567.8461563881	4128135.5641476503	0
326567.8608949653	4128135.564848685	0
326567.8756335424	4128135.56554972	0
326567.89037211955	4128135.566250755	0
326567.90511069674	4128135.56695179	0
326567.91984927387	4128135.567652825	0
326567.934587851	4128135.5683538597	0
326567.9493264281	4128135.5690548946	0
326567.9640650053	4128135.5697559295	0
326567.97880358243	4128135.5704569644	0
326567.99354215956	4128135.5711579993	0
326568.00828073674	4128135.5718590342	0
326568.02301931387	4128135.572560069	0
326568.037757891	4128135.573261104	0
326568.0524964682	4128135.573962139	0
326568.0672350453	4128135.574663174	0
326568.08197362244	4128135.575364209	0
326568.0967121996	4128135.5760652437	0
326568.11145077675	4128135.5767662786	0
326568.1261893539	4128135.5774673135	0
326568.140927931	4128135.578168348	0
326568.1556665082	4128135.578869383	0
326568.1704050853	4128135.5795704178	0
326568.18514366244	4128135.5802714527	0
326568.1998822396	4128135.5809724876	0
326568.21462081675	4128135.5816735225	0
326568.2293593939	4128135.5823745574	0
326568.24409797107	4128135.5830755923	0
326568.2588365482	4128135.583776627	0
326568.2735751253	4128135.584477662	0
326568.28831370245	4128135.585178697	0
326568.30305227963	4128135.585879732	0
326568.31779085676	4128135.586580767	0
326568.3325294339	4128135.5872818017	0
326568.3472680111	4128135.5879828366	0
326568.3620065882	4128135.5886838716	0
326568.3767451653	4128135.5893849065	0
326568.3914837425	4128135.5900859414	0
326568.40622231964	4128135.5907869763	0
326568.42096089676	4128135.591488011	0
326568.4356994739	4128135.592189046	0
326568.4504380511	4128135.592890081	0
326568.4651766282	4128135.593591116	0
326568.47991520533	4128135.5942921503	0
326568.4946537825	4128135.5949931853	0
326568.50939235964	4128135.59569422	0
326568.52413093677	4128135.596395255	0
326568.53886951396	4128135.59709629	0
326568.5536080911	4128135.597797325	0
326568.5683466682	4128135.59849836	0
326568.58308524534	4128135.5991993947	0
326568.5978238225	4128135.5999004296	0
326568.61256239965	4128135.6006014645	0
326568.6273009768	4128135.6013024994	0
326568.64203955396	4128135.6020035343	0
326568.6567781311	4128135.602704569	0
326568.6715167082	4128135.603405604	0
326568.6862552854	4128135.604106639	0
326568.7009938625	4128135.604807674	0
326568.71573243965	4128135.605508709	0
326568.7304710168	4128135.606209744	0
326568.74520959397	4128135.6069107787	0
326568.7599481711	4128135.6076118136	0
326568.7746867482	4128135.6083128485	0
326568.7894253254	4128135.6090138834	0
326568.80416390253	4128135.6097149183	0
326568.81890247966	4128135.6104159527	0
326568.83364105684	4128135.6111169877	0
326568.848379634	4128135.6118180226	0
326568.8631182111	4128135.6125190575	0
326568.8778567883	4128135.6132200924	0
326568.8925953654	4128135.6139211273	0
326568.90733394254	4128135.614622162	0
326568.92207251966	4128135.615323197	0
326568.93681109685	4128135.616024232	0
326568.951549674	4128135.616725267	0
326568.9662882511	4128135.617426302	0
326568.9810268283	4128135.6181273367	0
326568.9957654054	4128135.6188283716	0
326569.01050398254	4128135.6195294065	0
326569.0252425597	4128135.6202304414	0
326569.03998113686	4128135.6209314764	0
326569.054719714	4128135.6216325113	0
326569.0694582911	4128135.622333546	0
326569.0841968683	4128135.623034581	0
326569.0989354454	4128135.623735616	0
326569.11367402255	4128135.624436651	0
326569.12841259973	4128135.625137686	0
326569.14315117686	4128135.6258387202	0
326569.157889754	4128135.626539755	0
326569.1726283312	4128135.62724079	0
326569.1873669083	4128135.627941825	0
326569.2021054854	4128135.62864286	0
326569.21684406255	4128135.629343895	0
326569.23158263974	4128135.6300449297	0
326569.24632121687	4128135.6307459646	0
326569.261059794	4128135.6314469995	0
326569.2757983712	4128135.6321480344	0
326569.2905369483	4128135.6328490693	0
326569.30527552543	4128135.633550104	0
326569.3200141026	4128135.634251139	0
326569.33475267974	4128135.634952174	0
326569.3494912569	4128135.635653209	0
326569.364229834	4128135.636354244	0
326569.3789684112	4128135.6370552788	0
326569.3937069883	4128135.6377563137	0
326569.40844556544	4128135.6384573486	0
326569.4231841426	4128135.6391583835	0
326569.43792271975	4128135.6398594184	0
326569.4526612969	4128135.6405604533	0
326569.46739987406	4128135.641261488	0
326569.4821384512	4128135.6419625226	0
326569.4968770283	4128135.6426635575	0
326569.51161560544	4128135.6433645925	0
326569.5263541826	4128135.6440656274	0
326569.54109275975	4128135.6447666623	0
326569.5558313369	4128135.645467697	0
326569.57056991407	4128135.646168732	0
326569.5853084912	4128135.646869767	0
326569.6000470683	4128135.647570802	0
326569.6147856455	4128135.648271837	0
326569.62952422263	4128135.6489728717	0
326569.64426279976	4128135.6496739066	0
326569.6590013769	4128135.6503749415	0
326569.6737399541	4128135.6510759764	0
326569.6884785312	4128135.6517770113	0
326569.7032171083	4128135.6524780462	0
326569.7179556855	4128135.653179081	0
326569.73269426264	4128135.653880116	0
326569.74743283977	4128135.654581151	0
326569.76217141695	4128135.655282186	0
326569.7769099941	4128135.655983221	0
326569.7916485712	4128135.6566842557	0
326569.8063871484	4128135.6573852906	0
326569.8211257255	4128135.658086325	0
326569.83586430264	4128135.65878736	0
326569.8506028798	4128135.659488395	0
326569.86534145696	4128135.6601894298	0
326569.8800800341	4128135.6608904647	0
326569.8948186112	4128135.6615914996	0
326569.9095571884	4128135.6622925345	0
326569.9242957655	4128135.6629935694	0
326569.93903434265	4128135.6636946043	0
326569.95377291983	4128135.664395639	0
326569.96851149696	4128135.665096674	0
326569.9832500741	4128135.665797709	0
326569.9979886512	4128135.666498744	0
326570.0127272284	4128135.667199779	0
326570.0274658055	4128135.6679008137	0
326570.04220438265	4128135.6686018487	0
326570.05694295984	4128135.6693028836	0
326570.07168153697	4128135.6700039185	0
326570.0864201141	4128135.6707049534	0
326570.1011586913	4128135.6714059883	0
326570.1158972684	4128135.672107023	0
326570.13063584553	4128135.672808058	0
326570.14537442266	4128135.673509093	0
326570.16011299985	4128135.6742101274	0
326570.174851577	4128135.6749111624	0
326570.1895901541	4128135.6756121973	0
326570.2043287313	4128135.676313232	0
326570.2190673084	4128135.677014267	0
326570.23380588554	4128135.677715302	0
326570.2485444627	4128135.678416337	0
326570.26328303985	4128135.679117372	0
326570.278021617	4128135.6798184067	0
326570.2927601941	4128135.6805194416	0
326570.3074987713	4128135.6812204765	0
326570.3222373484	4128135.6819215114	0
326570.33697592554	4128135.6826225463	0
326570.3517145027	4128135.6833235812	0
326570.36645307986	4128135.684024616	0
326570.381191657	4128135.684725651	0
326570.39593023417	4128135.685426686	0
326570.4106688113	4128135.686127721	0
326570.4254073884	4128135.686828756	0
326570.44014596555	4128135.6875297907	0
326570.45488454273	4128135.6882308256	0
326570.46962311986	4128135.6889318605	0
326570.484361697	4128135.689632895	0
326570.4991002742	4128135.69033393	0
326570.5138388513	4128135.6910349648	0
326570.5285774284	4128135.6917359997	0
326570.5433160056	4128135.6924370346	0
326570.55805458274	4128135.6931380695	0
326570.57279315987	4128135.6938391044	0
326570.587531737	4128135.6945401393	0
326570.6022703142	4128135.695241174	0
326570.6170088913	4128135.695942209	0
326570.63174746843	4128135.696643244	0
326570.6464860456	4128135.697344279	0
326570.66122462275	4128135.698045314	0
326570.6759631999	4128135.6987463487	0
326570.69070177706	4128135.6994473836	0
326570.7054403542	4128135.7001484185	0
326570.7201789313	4128135.7008494535	0
326570.7349175085	4128135.7015504884	0
326570.7496560856	4128135.7022515233	0
326570.76439466275	4128135.702952558	0
326570.7791332399	4128135.703653593	0
326570.79387181706	4128135.704354628	0
326570.8086103942	4128135.705055663	0
326570.8233489713	4128135.7057566973	0
326570.8380875485	4128135.7064577322	0
326570.8528261256	4128135.707158767	0
326570.86756470276	4128135.707859802	0
326570.88230327994	4128135.708560837	0
326570.89704185707	4128135.709261872	0
326570.9117804342	4128135.709962907	0
326570.9265190113	4128135.7106639417	0
326570.9412575885	4128135.7113649766	0
326570.95599616563	4128135.7120660115	0
326570.97073474276	4128135.7127670464	0
326570.98547331995	4128135.7134680813	0
326571.0002118971	4128135.714169116	0
326571.0149504742	4128135.714870151	0
326571.0296890514	4128135.715571186	0
326571.0444276285	4128135.716272221	0
326571.05916620564	4128135.716973256	0
326571.07390478277	4128135.7176742908	0
326571.08864335995	4128135.7183753257	0
326571.1033819371	4128135.7190763606	0
326571.1181205142	4128135.7197773955	0
326571.1328590914	4128135.7204784304	0
326571.1475976685	4128135.7211794653	0
326571.16233624564	4128135.7218804997	0
326571.17707482283	4128135.7225815346	0
326571.19181339996	4128135.7232825696	0
326571.2065519771	4128135.7239836045	0
326571.2212905542	4128135.7246846394	0
326571.2360291314	4128135.7253856743	0
326571.2507677085	4128135.726086709	0
326571.26550628565	4128135.726787744	0
326571.28024486284	4128135.727488779	0
326571.29498343996	4128135.728189814	0
326571.3097220171	4128135.728890849	0
326571.3244605943	4128135.7295918837	0
326571.3391991714	4128135.7302929186	0
326571.3539377485	4128135.7309939535	0
326571.36867632566	4128135.7316949884	0
326571.38341490284	4128135.7323960233	0
326571.39815347997	4128135.7330970583	0
326571.4128920571	4128135.733798093	0
326571.4276306343	4128135.734499128	0
326571.4423692114	4128135.735200163	0
326571.45710778853	4128135.735901198	0
326571.4718463657	4128135.736602233	0
326571.48658494285	4128135.7373032672	0
326571.50132352	4128135.738004302	0
326571.5160620971	4128135.738705337	0
326571.5308006743	4128135.739406372	0
326571.5455392514	4128135.740107407	0
326571.56027782854	4128135.740808442	0
326571.5750164057	4128135.7415094767	0
326571.58975498285	4128135.7422105116	0
326571.60449356	4128135.7429115465	0
326571.61923213716	4128135.7436125814	0
326571.6339707143	4128135.7443136163	0
326571.6487092914	4128135.745014651	0
326571.6634478686	4128135.745715686	0
326571.67818644573	4128135.746416721	0
326571.69292502286	4128135.747117756	0
326571.7076636	4128135.747818791	0
326571.72240217717	4128135.7485198257	0
326571.7371407543	4128135.7492208607	0
326571.7518793314	4128135.7499218956	0
326571.7666179086	4128135.7506229305	0
326571.78135648574	4128135.7513239654	0
326571.79609506286	4128135.7520250003	0
326571.81083364005	4128135.752726035	0
326571.8255722172	4128135.7534270696	0
326571.8403107943	4128135.7541281045	0
326571.8550493714	4128135.7548291394	0
326571.8697879486	4128135.7555301744	0
326571.88452652574	4128135.7562312093	0
326571.89926510287	4128135.756932244	0
326571.91400368005	4128135.757633279	0
326571.9287422572	4128135.758334314	0
326571.9434808343	4128135.759035349	0
326571.9582194115	4128135.759736384	0
326571.9729579886	4128135.7604374187	0
326571.98769656575	4128135.7611384536	0
326572.0024351429	4128135.7618394885	0
326572.01717372006	4128135.7625405234	0
326572.0319122972	4128135.7632415583	0
326572.0466508743	4128135.7639425932	0
326572.0613894515	4128135.764643628	0
326572.0761280286	4128135.765344663	0
326572.09086660575	4128135.766045698	0
326572.10560518294	4128135.766746733	0
326572.12034376006	4128135.767447768	0
326572.1350823372	4128135.7681488027	0
326572.1498209143	4128135.7688498376	0
326572.1645594915	4128135.769550872	0
326572.17929806863	4128135.770251907	0
326572.19403664576	4128135.770952942	0
326572.20877522294	4128135.7716539768	0
326572.22351380007	4128135.7723550117	0
326572.2382523772	4128135.7730560466	0
326572.2529909544	4128135.7737570815	0
326572.2677295315	4128135.7744581164	0
326572.28246810863	4128135.7751591513	0
326572.29720668576	4128135.775860186	0
326572.31194526295	4128135.776561221	0
326572.3266838401	4128135.777262256	0
326572.3414224172	4128135.777963291	0
326572.3561609944	4128135.778664326	0
326572.3708995715	4128135.7793653607	0
326572.38563814864	4128135.7800663956	0
326572.4003767258	4128135.7807674306	0
326572.41511530295	4128135.7814684655	0
326572.4298538801	4128135.7821695004	0
326572.44459245726	4128135.7828705353	0
326572.4593310344	4128135.78357157	0
326572.4740696115	4128135.784272605	0
326572.48880818865	4128135.78497364	0
326572.50354676583	4128135.7856746744	0
326572.51828534296	4128135.7863757093	0
326572.5330239201	4128135.7870767443	0
326572.54776249727	4128135.787777779	0
326572.5625010744	4128135.788478814	0
326572.5772396515	4128135.789179849	0
326572.5919782287	4128135.789880884	0
326572.60671680584	4128135.790581919	0
326572.62145538296	4128135.7912829537	0
326572.6361939601	4128135.7919839886	0
326572.6509325373	4128135.7926850235	0
326572.6656711144	4128135.7933860584	0
326572.68040969153	4128135.7940870933	0
326572.6951482687	4128135.794788128	0
326572.70988684584	4128135.795489163	0
326572.72462542297	4128135.796190198	0
326572.73936400015	4128135.796891233	0
326572.7541025773	4128135.797592268	0
326572.7688411544	4128135.7982933028	0
326572.78357973153	4128135.7989943377	0
326572.7983183087	4128135.7996953726	0
326572.81305688585	4128135.8003964075	0
326572.827795463	4128135.801097442	0
326572.84253404016	4128135.801798477	0
326572.8572726173	4128135.8024995117	0
326572.8720111944	4128135.8032005467	0
326572.8867497716	4128135.8039015816	0
326572.9014883487	4128135.8046026165	0
326572.91622692585	4128135.8053036514	0
326572.930965503	4128135.8060046863	0
326572.94570408016	4128135.806705721	0
326572.9604426573	4128135.807406756	0
326572.9751812344	4128135.808107791	0
326572.9899198116	4128135.808808826	0
326573.00465838873	4128135.809509861	0
326573.01939696586	4128135.8102108957	0
326573.03413554304	4128135.8109119306	0
326573.04887412017	4128135.8116129655	0
326573.0636126973	4128135.8123140004	0
326573.0783512744	4128135.8130150354	0
326573.0930898516	4128135.8137160703	0
326573.10782842874	4128135.814417105	0
326573.12256700586	4128135.81511814	0
326573.13730558305	4128135.815819175	0
326573.1520441602	4128135.81652021	0
326573.1667827373	4128135.8172212443	0
326573.1815213145	4128135.8179222792	0
326573.1962598916	4128135.818623314	0
326573.21099846874	4128135.819324349	0
326573.22573704587	4128135.820025384	0
326573.24047562305	4128135.820726419	0
326573.2552142002	4128135.821427454	0
326573.2699527773	4128135.8221284887	0
326573.2846913545	4128135.8228295236	0
326573.2994299316	4128135.8235305585	0
326573.31416850875	4128135.8242315934	0
326573.32890708593	4128135.8249326283	0
326573.34364566306	4128135.825633663	0
326573.3583842402	4128135.826334698	0
326573.3731228174	4128135.827035733	0
326573.3878613945	4128135.827736768	0
326573.4025999716	4128135.828437803	0
326573.41733854875	4128135.8291388378	0
326573.43207712594	4128135.8298398727	0
326573.44681570306	4128135.8305409076	0
326573.4615542802	4128135.8312419425	0
326573.4762928574	4128135.8319429774	0
326573.4910314345	4128135.8326440123	0
326573.50577001163	4128135.8333450467	0
326573.5205085888	4128135.8340460816	0
326573.53524716594	4128135.8347471165	0
326573.54998574307	4128135.8354481515	0
326573.5647243202	4128135.8361491864	0
326573.5794628974	4128135.8368502213	0
326573.5942014745	4128135.837551256	0
326573.60894005164	4128135.838252291	0
326573.6236786288	4128135.838953326	0
326573.63841720595	4128135.839654361	0
326573.6531557831	4128135.840355396	0
326573.66789436026	4128135.8410564307	0
326573.6826329374	4128135.8417574656	0
326573.6973715145	4128135.8424585005	0
326573.71211009164	4128135.8431595354	0
326573.7268486688	4128135.8438605703	0
326573.74158724595	4128135.8445616052	0
326573.7563258231	4128135.84526264	0
326573.77106440027	4128135.845963675	0
326573.7858029774	4128135.84666471	0
326573.8005415545	4128135.847365745	0
326573.8152801317	4128135.84806678	0
326573.83001870883	4128135.848767814	0
326573.84475728596	4128135.849468849	0
326573.8594958631	4128135.850169884	0
326573.87423444027	4128135.850870919	0
326573.8889730174	4128135.851571954	0
326573.9037115945	4128135.8522729888	0
326573.9184501717	4128135.8529740237	0
326573.93318874884	4128135.8536750586	0
326573.94792732596	4128135.8543760935	0
326573.96266590315	4128135.8550771284	0
326573.9774044803	4128135.8557781633	0
326573.9921430574	4128135.856479198	0
326574.00688163453	4128135.857180233	0
326574.0216202117	4128135.857881268	0
326574.03635878884	4128135.858582303	0
326574.05109736597	4128135.859283338	0
326574.06583594315	4128135.8599843727	0
326574.0805745203	4128135.8606854076	0
326574.0953130974	4128135.8613864426	0
326574.1100516746	4128135.8620874775	0
326574.1247902517	4128135.8627885124	0
326574.13952882885	4128135.8634895473	0
326574.154267406	4128135.864190582	0
326574.16900598316	4128135.8648916166	0
326574.1837445603	4128135.8655926515	0
326574.1984831374	4128135.8662936864	0
326574.2132217146	4128135.8669947213	0
326574.2279602917	4128135.8676957563	0
326574.24269886885	4128135.868396791	0
326574.25743744604	4128135.869097826	0
326574.27217602317	4128135.869798861	0
326574.2869146003	4128135.870499896	0
326574.3016531775	4128135.871200931	0
326574.3163917546	4128135.8719019657	0
326574.33113033173	4128135.8726030006	0
326574.34586890886	4128135.8733040355	0
326574.36060748604	4128135.8740050704	0
326574.37534606317	4128135.8747061053	0
326574.3900846403	4128135.8754071402	0
326574.4048232175	4128135.876108175	0
326574.4195617946	4128135.87680921	0
326574.43430037174	4128135.877510245	0
326574.4490389489	4128135.87821128	0
326574.46377752605	4128135.878912315	0
326574.4785161032	4128135.8796133497	0
326574.4932546803	4128135.8803143846	0
326574.5079932575	4128135.881015419	0
326574.5227318346	4128135.881716454	0
326574.53747041174	4128135.882417489	0
326574.5522089889	4128135.8831185238	0
326574.56694756605	4128135.8838195587	0
326574.5816861432	4128135.8845205936	0
326574.59642472037	4128135.8852216285	0
326574.6111632975	4128135.8859226634	0
326574.6259018746	4128135.8866236983	0
326574.64064045175	4128135.887324733	0
326574.65537902893	4128135.888025768	0
326574.67011760606	4128135.888726803	0
326574.6848561832	4128135.889427838	0
326574.6995947604	4128135.890128873	0
326574.7143333375	4128135.8908299077	0
326574.7290719146	4128135.8915309426	0
326574.7438104918	4128135.8922319775	0
326574.75854906894	4128135.8929330125	0
326574.77328764607	4128135.8936340474	0
326574.7880262232	4128135.8943350823	0
326574.8027648004	4128135.895036117	0
326574.8175033775	4128135.895737152	0
326574.83224195463	4128135.896438187	0
326574.8469805318	4128135.8971392214	0
326574.86171910894	4128135.8978402563	0
326574.87645768607	4128135.8985412912	0
326574.89119626326	4128135.899242326	0
326574.9059348404	4128135.899943361	0
326574.9206734175	4128135.900644396	0
326574.93541199464	4128135.901345431	0
326574.9501505718	4128135.902046466	0
326574.96488914895	4128135.9027475007	0
326574.9796277261	4128135.9034485356	0
326574.99436630326	4128135.9041495705	0
326575.0091048804	4128135.9048506054	0
326575.0238434575	4128135.9055516403	0
326575.0385820347	4128135.906252675	0
326575.0533206118	4128135.90695371	0
326575.06805918895	4128135.907654745	0
326575.0827977661	4128135.90835578	0
326575.09753634327	4128135.909056815	0
326575.1122749204	4128135.9097578498	0
326575.1270134975	4128135.9104588847	0
326575.1417520747	4128135.9111599196	0
326575.15649065183	4128135.9118609545	0
326575.17122922896	4128135.912561989	0
326575.18596780614	4128135.913263024	0
326575.2007063833	4128135.9139640587	0
326575.2154449604	4128135.9146650936	0
326575.2301835376	4128135.9153661286	0
326575.2449221147	4128135.9160671635	0
326575.25966069184	4128135.9167681984	0
326575.27439926896	4128135.9174692333	0
326575.28913784615	4128135.918170268	0
326575.3038764233	4128135.918871303	0
326575.3186150004	4128135.919572338	0
326575.3333535776	4128135.920273373	0
326575.3480921547	4128135.920974408	0
326575.36283073184	4128135.9216754427	0
326575.377569309	4128135.9223764776	0
326575.39230788616	4128135.9230775125	0
326575.4070464633	4128135.9237785474	0
326575.4217850404	4128135.9244795823	0
326575.4365236176	4128135.9251806173	0
326575.4512621947	4128135.925881652	0
326575.46600077185	4128135.926582687	0
326575.48073934903	4128135.927283722	0
326575.49547792616	4128135.927984757	0
326575.5102165033	4128135.9286857913	0
326575.5249550805	4128135.929386826	0
326575.5396936576	4128135.930087861	0
326575.5544322347	4128135.930788896	0
326575.56917081185	4128135.931489931	0
326575.58390938904	4128135.932190966	0
326575.59864796617	4128135.932892001	0
326575.6133865433	4128135.9335930357	0
326575.6281251205	4128135.9342940706	0
326575.6428636976	4128135.9349951055	0
326575.65760227473	4128135.9356961404	0
326575.6723408519	4128135.9363971753	0
326575.68707942904	4128135.93709821	0
326575.7018180062	4128135.937799245	0
326575.7165565833	4128135.93850028	0
326575.7312951605	4128135.939201315	0
326575.7460337376	4128135.93990235	0
326575.76077231474	4128135.9406033847	0
326575.7755108919	4128135.9413044197	0
326575.79024946905	4128135.9420054546	0
326575.8049880462	4128135.9427064895	0
326575.81972662336	4128135.9434075244	0
326575.8344652005	4128135.9441085593	0
326575.8492037776	4128135.9448095937	0
326575.86394235474	4128135.9455106286	0
326575.8786809319	4128135.9462116635	0
326575.89341950906	4128135.9469126984	0
326575.9081580862	4128135.9476137334	0
326575.92289666337	4128135.9483147683	0
326575.9376352405	4128135.949015803	0
326575.9523738176	4128135.949716838	0
326575.9671123948	4128135.950417873	0
326575.98185097193	4128135.951118908	0
326575.99658954906	4128135.951819943	0
326576.01132812625	4128135.9525209777	0
326576.0260667034	4128135.9532220126	0
326576.0408052805	4128135.9539230475	0
326576.0555438576	4128135.9546240824	0
326576.0702824348	4128135.9553251173	0
326576.08502101194	4128135.9560261522	0
326576.09975958907	4128135.956727187	0
326576.11449816625	4128135.957428222	0
326576.1292367434	4128135.958129257	0
326576.1439753205	4128135.958830292	0
326576.1587138977	4128135.959531327	0
326576.1734524748	4128135.960232361	0
326576.18819105194	4128135.960933396	0
326576.2029296291	4128135.961634431	0
326576.21766820626	4128135.962335466	0
326576.2324067834	4128135.963036501	0
326576.2471453605	4128135.9637375358	0
326576.2618839377	4128135.9644385707	0
326576.2766225148	4128135.9651396056	0
326576.29136109195	4128135.9658406405	0
326576.30609966913	4128135.9665416754	0
326576.32083824626	4128135.9672427103	0
326576.3355768234	4128135.967943745	0
326576.3503154005	4128135.96864478	0
326576.3650539777	4128135.969345815	0
326576.3797925548	4128135.97004685	0
326576.39453113195	4128135.970747885	0
326576.40926970914	4128135.9714489197	0
326576.42400828627	4128135.9721499546	0
326576.4387468634	4128135.9728509896	0
326576.4534854406	4128135.9735520245	0
326576.4682240177	4128135.9742530594	0
326576.48296259483	4128135.9749540943	0
326576.49770117196	4128135.975655129	0
326576.51243974915	4128135.9763561636	0
326576.5271783263	4128135.9770571985	0
326576.5419169034	4128135.9777582334	0
326576.5566554806	4128135.9784592683	0
326576.5713940577	4128135.9791603032	0
326576.58613263484	4128135.979861338	0
326576.600871212	4128135.980562373	0
326576.61560978915	4128135.981263408	0
326576.6303483663	4128135.981964443	0
326576.6450869434	4128135.982665478	0
326576.6598255206	4128135.9833665127	0
326576.6745640977	4128135.9840675476	0
326576.68930267484	4128135.9847685825	0
326576.70404125203	4128135.9854696174	0
326576.71877982916	4128135.9861706523	0
326576.7335184063	4128135.986871687	0
326576.74825698347	4128135.987572722	0
326576.7629955606	4128135.988273757	0
326576.7777341377	4128135.988974792	0
326576.79247271485	4128135.989675827	0
326576.80721129203	4128135.9903768618	0
326576.82194986916	4128135.9910778967	0
326576.8366884463	4128135.9917789316	0
326576.8514270235	4128135.992479966	0
326576.8661656006	4128135.993181001	0
326576.8809041777	4128135.993882036	0
326576.8956427549	4128135.9945830707	0
326576.91038133204	4128135.9952841057	0
326576.92511990917	4128135.9959851406	0
326576.93985848635	4128135.9966861755	0
326576.9545970635	4128135.9973872104	0
326576.9693356406	4128135.9980882453	0
326576.98407421773	4128135.99878928	0
326576.9988127949	4128135.999490315	0
326577.01355137205	4128136.00019135	0
326577.0282899492	4128136.000892385	0
326577.04302852636	4128136.00159342	0
326577.0577671035	4128136.0022944547	0
326577.0725056806	4128136.0029954896	0
326577.0872442578	4128136.0036965245	0
326577.1019828349	4128136.0043975594	0
326577.11672141205	4128136.0050985944	0
326577.1314599892	4128136.0057996293	0
326577.14619856636	4128136.006500664	0
326577.1609371435	4128136.007201699	0
326577.1756757206	4128136.007902734	0
326577.1904142978	4128136.0086037684	0
326577.2051528749	4128136.0093048033	0
326577.21989145206	4128136.0100058382	0
326577.23463002924	4128136.010706873	0
326577.24936860637	4128136.011407908	0
326577.2641071835	4128136.012108943	0
326577.2788457606	4128136.012809978	0
326577.2935843378	4128136.013511013	0
326577.30832291493	4128136.0142120477	0
326577.32306149206	4128136.0149130826	0
326577.33780006925	4128136.0156141175	0
326577.3525386464	4128136.0163151524	0
326577.3672772235	4128136.0170161873	0
326577.3820158007	4128136.017717222	0
326577.3967543778	4128136.018418257	0
326577.41149295494	4128136.019119292	0
326577.42623153207	4128136.019820327	0
326577.44097010925	4128136.020521362	0
326577.4557086864	4128136.0212223968	0
326577.4704472635	4128136.0219234317	0
326577.4851858407	4128136.0226244666	0
326577.4999244178	4128136.0233255015	0
326577.51466299494	4128136.024026536	0
326577.52940157213	4128136.024727571	0
326577.54414014926	4128136.0254286057	0
326577.5588787264	4128136.0261296406	0
326577.5736173035	4128136.0268306755	0
326577.5883558807	4128136.0275317105	0
326577.6030944578	4128136.0282327454	0
326577.61783303495	4128136.0289337803	0
326577.63257161214	4128136.029634815	0
326577.64731018926	4128136.03033585	0
326577.6620487664	4128136.031036885	0
326577.6767873436	4128136.03173792	0
326577.6915259207	4128136.032438955	0
326577.7062644978	4128136.0331399897	0
326577.72100307496	4128136.0338410246	0
326577.73574165214	4128136.0345420595	0
326577.75048022927	4128136.0352430944	0
326577.7652188064	4128136.0359441293	0
326577.7799573836	4128136.0366451642	0
326577.7946959607	4128136.037346199	0
326577.80943453783	4128136.038047234	0
326577.824173115	4128136.038748269	0
326577.83891169215	4128136.039449304	0
326577.8536502693	4128136.0401503383	0
326577.86838884646	4128136.040851373	0
326577.8831274236	4128136.041552408	0
326577.8978660007	4128136.042253443	0
326577.91260457784	4128136.042954478	0
326577.927343155	4128136.043655513	0
326577.94208173215	4128136.0443565478	0
326577.9568203093	4128136.0450575827	0
326577.97155888646	4128136.0457586176	0
326577.9862974636	4128136.0464596525	0
326578.0010360407	4128136.0471606874	0
326578.0157746179	4128136.0478617223	0
326578.03051319503	4128136.048562757	0
326578.04525177216	4128136.049263792	0
326578.0599903493	4128136.049964827	0
326578.07472892647	4128136.050665862	0
326578.0894675036	4128136.051366897	0
326578.1042060807	4128136.0520679317	0
326578.1189446579	4128136.0527689666	0
326578.13368323504	4128136.0534700016	0
326578.14842181216	4128136.0541710365	0
326578.16316038935	4128136.0548720714	0
326578.1778989665	4128136.0555731063	0
326578.1926375436	4128136.0562741407	0
326578.2073761207	4128136.0569751756	0
326578.2221146979	4128136.0576762105	0
326578.23685327504	4128136.0583772454	0
326578.25159185217	4128136.0590782803	0
326578.26633042935	4128136.0597793153	0
326578.2810690065	4128136.06048035	0
326578.2958075836	4128136.061181385	0
326578.3105461608	4128136.06188242	0
326578.3252847379	4128136.062583455	0
326578.34002331505	4128136.06328449	0
326578.3547618922	4128136.0639855247	0
326578.36950046936	4128136.0646865596	0
326578.3842390465	4128136.0653875945	0
326578.3989776236	4128136.0660886294	0
326578.4137162008	4128136.0667896643	0
326578.4284547779	4128136.0674906992	0
326578.44319335505	4128136.068191734	0
326578.45793193224	4128136.068892769	0
326578.47267050936	4128136.069593804	0
326578.4874090865	4128136.070294839	0
326578.5021476636	4128136.070995874	0
326578.5168862408	4128136.071696908	0
326578.53162481793	4128136.072397943	0
326578.54636339506	4128136.073098978	0
326578.56110197224	4128136.073800013	0
326578.57584054937	4128136.074501048	0
326578.5905791265	4128136.0752020827	0
326578.6053177037	4128136.0759031177	0
326578.6200562808	4128136.0766041526	0
326578.63479485794	4128136.0773051875	0
326578.64953343506	4128136.0780062224	0
326578.66427201225	4128136.0787072573	0
326578.6790105894	4128136.079408292	0
326578.6937491665	4128136.080109327	0
326578.7084877437	4128136.080810362	0
326578.7232263208	4128136.081511397	0
326578.73796489794	4128136.082212432	0
326578.7527034751	4128136.0829134667	0
326578.76744205225	4128136.0836145016	0
326578.7821806294	4128136.0843155365	0
326578.79691920656	4128136.0850165715	0
326578.8116577837	4128136.0857176064	0
326578.8263963608	4128136.0864186413	0
326578.84113493795	4128136.087119676	0
326578.85587351513	4128136.0878207106	0
326578.87061209226	4128136.0885217455	0
326578.8853506694	4128136.0892227804	0
326578.90008924657	4128136.0899238153	0
326578.9148278237	4128136.0906248502	0
326578.9295664008	4128136.091325885	0
326578.944304978	4128136.09202692	0
326578.95904355514	4128136.092727955	0
326578.97378213226	4128136.09342899	0
326578.9885207094	4128136.094130025	0
326579.0032592866	4128136.0948310597	0
326579.0179978637	4128136.0955320946	0
326579.03273644083	4128136.0962331295	0
326579.047475018	4128136.0969341644	0
326579.06221359514	4128136.0976351993	0
326579.07695217227	4128136.098336234	0
326579.09169074945	4128136.099037269	0
326579.1064293266	4128136.099738304	0
326579.1211679037	4128136.100439339	0
326579.13590648083	4128136.101140374	0
326579.150645058	4128136.1018414088	0
326579.16538363515	4128136.1025424437	0
326579.1801222123	4128136.1032434786	0
326579.19486078946	4128136.103944513	0
326579.2095993666	4128136.104645548	0
326579.2243379437	4128136.105346583	0
326579.2390765209	4128136.1060476177	0
326579.253815098	4128136.1067486526	0
326579.26855367515	4128136.1074496876	0
326579.2832922523	4128136.1081507225	0
326579.29803082946	4128136.1088517574	0
326579.3127694066	4128136.1095527923	0
326579.3275079837	4128136.110253827	0
326579.3422465609	4128136.110954862	0
326579.35698513803	4128136.111655897	0
326579.37172371516	4128136.112356932	0
326579.38646229234	4128136.113057967	0
326579.40120086947	4128136.1137590017	0
326579.4159394466	4128136.1144600366	0
326579.4306780237	4128136.1151610715	0
326579.4454166009	4128136.1158621064	0
326579.46015517804	4128136.1165631413	0
326579.47489375516	4128136.1172641763	0
326579.48963233235	4128136.117965211	0
326579.5043709095	4128136.118666246	0
326579.5191094866	4128136.119367281	0
326579.5338480638	4128136.1200683154	0
326579.5485866409	4128136.1207693503	0
326579.56332521804	4128136.121470385	0
326579.5780637952	4128136.12217142	0
326579.59280237235	4128136.122872455	0
326579.6075409495	4128136.12357349	0
326579.6222795266	4128136.124274525	0
326579.6370181038	4128136.12497556	0
326579.6517566809	4128136.1256765947	0
326579.66649525805	4128136.1263776296	0
326579.68123383523	4128136.1270786645	0
326579.69597241236	4128136.1277796994	0
326579.7107109895	4128136.1284807343	0
326579.7254495667	4128136.129181769	0
326579.7401881438	4128136.129882804	0
326579.7549267209	4128136.130583839	0
326579.76966529805	4128136.131284874	0
326579.78440387524	4128136.131985909	0
326579.79914245236	4128136.1326869437	0
326579.8138810295	4128136.1333879787	0
326579.8286196067	4128136.1340890136	0
326579.8433581838	4128136.1347900485	0
326579.85809676093	4128136.135491083	0
326579.8728353381	4128136.136192118	0
326579.88757391524	4128136.1368931527	0
326579.90231249237	4128136.1375941876	0
326579.9170510695	4128136.1382952225	0
326579.9317896467	4128136.1389962574	0
326579.9465282238	4128136.1396972924	0
326579.96126680094	4128136.1403983273	0
326579.9760053781	4128136.141099362	0
326579.99074395525	4128136.141800397	0
326580.0054825324	4128136.142501432	0
326580.02022110956	4128136.143202467	0
326580.0349596867	4128136.143903502	0
326580.0496982638	4128136.1446045367	0
326580.06443684094	4128136.1453055716	0
326580.0791754181	4128136.1460066065	0
326580.09391399525	4128136.1467076414	0
326580.1086525724	4128136.1474086763	0
326580.12339114957	4128136.1481097112	0
326580.1381297267	4128136.148810746	0
326580.1528683038	4128136.149511781	0
326580.167606881	4128136.150212816	0
326580.18234545813	4128136.150913851	0
326580.19708403526	4128136.1516148853	0
326580.2118226124	4128136.15231592	0
326580.2265611896	4128136.153016955	0
326580.2412997667	4128136.15371799	0
326580.2560383438	4128136.154419025	0
326580.270776921	4128136.15512006	0
326580.28551549814	4128136.1558210948	0
326580.30025407526	4128136.1565221297	0
326580.31499265245	4128136.1572231646	0
326580.3297312296	4128136.1579241995	0
326580.3444698067	4128136.1586252344	0
326580.35920838383	4128136.1593262693	0
326580.373946961	4128136.160027304	0
326580.38868553814	4128136.160728339	0
326580.40342411527	4128136.161429374	0
326580.41816269245	4128136.162130409	0
326580.4329012696	4128136.162831444	0
326580.4476398467	4128136.1635324787	0
326580.4623784239	4128136.1642335136	0
326580.477117001	4128136.1649345485	0
326580.49185557815	4128136.1656355835	0
326580.50659415533	4128136.1663366184	0
326580.52133273246	4128136.1670376533	0
326580.5360713096	4128136.1677386877	0
326580.5508098867	4128136.1684397226	0
326580.5655484639	4128136.1691407575	0
326580.580287041	4128136.1698417924	0
326580.59502561815	4128136.1705428273	0
326580.60976419534	4128136.1712438622	0
326580.62450277247	4128136.171944897	0
326580.6392413496	4128136.172645932	0
326580.6539799268	4128136.173346967	0
326580.6687185039	4128136.174048002	0
326580.68345708103	4128136.174749037	0
326580.69819565816	4128136.1754500717	0
326580.71293423534	4128136.1761511066	0
326580.72767281247	4128136.1768521415	0
326580.7424113896	4128136.1775531764	0
326580.7571499668	4128136.1782542113	0
326580.7718885439	4128136.178955246	0
326580.78662712104	4128136.179656281	0
326580.8013656982	4128136.180357316	0
326580.81610427535	4128136.181058351	0
326580.8308428525	4128136.181759386	0
326580.8455814296	4128136.1824604208	0
326580.8603200068	4128136.183161455	0
326580.8750585839	4128136.18386249	0
326580.88979716104	4128136.184563525	0
326580.9045357382	4128136.18526456	0
326580.91927431535	4128136.185965595	0
326580.9340128925	4128136.1866666297	0
326580.94875146967	4128136.1873676647	0
326580.9634900468	4128136.1880686996	0
326580.9782286239	4128136.1887697345	0
326580.99296720105	4128136.1894707694	0
326581.00770577823	4128136.1901718043	0
326581.02244435536	4128136.190872839	0
326581.0371829325	4128136.191573874	0
326581.0519215097	4128136.192274909	0
326581.0666600868	4128136.192975944	0
326581.0813986639	4128136.193676979	0
326581.0961372411	4128136.1943780137	0
326581.11087581824	4128136.1950790486	0
326581.12561439537	4128136.1957800835	0
326581.1403529725	4128136.1964811184	0
326581.1550915497	4128136.1971821534	0
326581.1698301268	4128136.1978831883	0
326581.18456870393	4128136.198584223	0
326581.1993072811	4128136.1992852576	0
326581.21404585824	4128136.1999862925	0
326581.22878443537	4128136.2006873274	0
326581.24352301256	4128136.2013883623	0
326581.2582615897	4128136.2020893972	0
326581.2730001668	4128136.202790432	0
326581.28773874394	4128136.203491467	0
326581.3024773211	4128136.204192502	0
326581.31721589825	4128136.204893537	0
326581.3319544754	4128136.205594572	0
326581.34669305256	4128136.2062956067	0
326581.3614316297	4128136.2069966416	0
