302602.518019	4124012.67445	0
302602.51958803704	4124012.7155738915	0
302602.521157074	4124012.7566977837	0
302602.52272611106	4124012.7978216754	0
302602.5242951481	4124012.8389455676	0
302602.5258641851	4124012.8800694593	0
302602.5274332221	4124012.9211933515	0
302602.52900225914	4124012.962317243	0
302602.53057129617	4124013.0034411354	0
302602.5321403332	4124013.044565027	0
302602.5337093702	4124013.0856889193	0
302602.5352784072	4124013.126812811	0
302602.53684744425	4124013.167936703	0
302602.5384164812	4124013.209060595	0
302602.53998551826	4124013.250184487	0
302602.5415545553	4124013.291308379	0
302602.54312359233	4124013.332432271	0
302602.5446926293	4124013.3735561627	0
302602.54626166634	4124013.414680055	0
302602.5478307034	4124013.4558039466	0
302602.54939974035	4124013.496927839	0
302602.5509687774	4124013.5380517305	0
302602.5525378144	4124013.5791756227	0
302602.55410685146	4124013.6202995144	0
302602.55567588843	4124013.6614234066	0
302602.55724492547	4124013.7025472983	0
302602.5588139625	4124013.7436711905	0
302602.56038299954	4124013.784795082	0
302602.5619520365	4124013.8259189744	0
302602.56352107355	4124013.867042866	0
302602.5650901106	4124013.9081667583	0
302602.56665914756	4124013.94929065	0
302602.5682281846	4124013.990414542	0
302602.56979722163	4124014.031538434	0
302602.57136625866	4124014.072662326	0
302602.57293529564	4124014.1137862178	0
302602.5745043327	4124014.15491011	0
302602.5760733697	4124014.1960340017	0
302602.5776424067	4124014.237157894	0
302602.5792114437	4124014.2782817855	0
302602.58078048076	4124014.3194056777	0
302602.5823495178	4124014.3605295694	0
302602.58391855477	4124014.4016534616	0
302602.5854875918	4124014.4427773533	0
302602.58705662884	4124014.4839012455	0
302602.58862566587	4124014.5250251372	0
302602.59019470285	4124014.5661490294	0
302602.5917637399	4124014.607272921	0
302602.5933327769	4124014.6483968133	0
302602.5949018139	4124014.689520705	0
302602.5964708509	4124014.730644597	0
302602.59803988796	4124014.771768489	0
302602.599608925	4124014.812892381	0
302602.601177962	4124014.854016273	0
302602.602746999	4124014.895140165	0
302602.60431603604	4124014.9362640567	0
302602.605885073	4124014.977387949	0
302602.60745411005	4124015.0185118406	0
302602.6090231471	4124015.059635733	0
302602.6105921841	4124015.1007596245	0
302602.6121612211	4124015.1418835167	0
302602.61373025813	4124015.1830074084	0
302602.61529929517	4124015.2241313006	0
302602.6168683322	4124015.2652551923	0
302602.6184373692	4124015.3063790845	0
302602.6200064062	4124015.347502976	0
302602.62157544325	4124015.3886268684	0
302602.6231444802	4124015.42975076	0
302602.62471351726	4124015.4708746523	0
302602.6262825543	4124015.511998544	0
302602.6278515913	4124015.553122436	0
302602.6294206283	4124015.594246328	0
302602.63098966534	4124015.63537022	0
302602.6325587024	4124015.676494112	0
302602.63412773935	4124015.717618004	0
302602.6356967764	4124015.7587418957	0
302602.6372658134	4124015.799865788	0
302602.63883485046	4124015.8409896796	0
302602.64040388743	4124015.8821135717	0
302602.64197292447	4124015.9232374635	0
302602.6435419615	4124015.9643613556	0
302602.64511099854	4124016.0054852474	0
302602.6466800355	4124016.0466091395	0
302602.64824907255	4124016.0877330313	0
302602.6498181096	4124016.1288569234	0
302602.65138714656	4124016.169980815	0
302602.6529561836	4124016.2111047073	0
302602.6545252206	4124016.252228599	0
302602.65609425766	4124016.293352491	0
302602.65766329464	4124016.334476383	0
302602.6592323317	4124016.375600275	0
302602.6608013687	4124016.416724167	0
302602.66237040574	4124016.457848059	0
302602.6639394427	4124016.4989719507	0
302602.66550847975	4124016.540095843	0
302602.6670775168	4124016.5812197346	0
302602.66864655376	4124016.622343627	0
302602.6702155908	4124016.6634675185	0
302602.67178462783	4124016.7045914107	0
302602.67335366487	4124016.7457153024	0
302602.67492270184	4124016.7868391946	0
302602.6764917389	4124016.8279630863	0
302602.6780607759	4124016.8690869785	0
302602.6796298129	4124016.91021087	0
302602.6811988499	4124016.9513347624	0
302602.68276788696	4124016.992458654	0
302602.684336924	4124017.0335825463	0
302602.68590596097	4124017.074706438	0
302602.687474998	4124017.11583033	0
302602.68904403504	4124017.156954222	0
302602.6906130721	4124017.198078114	0
302602.69218210905	4124017.239202006	0
302602.6937511461	4124017.280325898	0
302602.6953201831	4124017.3214497897	0
302602.6968892201	4124017.362573682	0
302602.69845825713	4124017.4036975736	0
302602.70002729417	4124017.4448214658	0
302602.7015963312	4124017.4859453575	0
302602.7031653682	4124017.5270692497	0
302602.7047344052	4124017.5681931414	0
302602.70630344225	4124017.6093170336	0
302602.7078724792	4124017.6504409253	0
302602.70944151626	4124017.6915648174	0
302602.7110105533	4124017.732688709	0
302602.7125795903	4124017.7738126013	0
302602.7141486273	4124017.814936493	0
302602.71571766434	4124017.8560603852	0
302602.7172867014	4124017.897184277	0
302602.7188557384	4124017.938308169	0
302602.7204247754	4124017.979432061	0
302602.7219938124	4124018.020555953	0
302602.72356284945	4124018.0616798447	0
302602.72513188643	4124018.102803737	0
302602.72670092346	4124018.1439276286	0
302602.7282699605	4124018.1850515204	0
302602.72983899753	4124018.2261754125	0
302602.7314080345	4124018.2672993043	0
302602.73297707154	4124018.3084231964	0
302602.7345461086	4124018.349547088	0
302602.73611514556	4124018.3906709803	0
302602.7376841826	4124018.431794872	0
302602.7392532196	4124018.472918764	0
302602.74082225666	4124018.514042656	0
302602.74239129364	4124018.555166548	0
302602.74396033067	4124018.59629044	0
302602.7455293677	4124018.637414332	0
302602.74709840474	4124018.6785382237	0
302602.7486674417	4124018.719662116	0
302602.75023647875	4124018.7607860076	0
302602.7518055158	4124018.8019099	0
302602.75337455276	4124018.8430337915	0
302602.7549435898	4124018.8841576837	0
302602.75651262683	4124018.9252815754	0
302602.75808166387	4124018.9664054676	0
302602.75965070084	4124019.0075293593	0
302602.7612197379	4124019.0486532515	0
302602.7627887749	4124019.089777143	0
302602.7643578119	4124019.1309010354	0
302602.7659268489	4124019.172024927	0
302602.76749588596	4124019.2131488193	0
302602.769064923	4124019.254272711	0
302602.77063395997	4124019.295396603	0
302602.772202997	4124019.336520495	0
302602.77377203404	4124019.377644387	0
302602.7753410711	4124019.418768279	0
302602.77691010805	4124019.459892171	0
302602.7784791451	4124019.5010160627	0
302602.7800481821	4124019.542139955	0
302602.7816172191	4124019.5832638466	0
302602.7831862561	4124019.6243877388	0
302602.78475529316	4124019.6655116305	0
302602.7863243302	4124019.7066355227	0
302602.7878933672	4124019.7477594144	0
302602.7894624042	4124019.7888833066	0
302602.79103144124	4124019.8300071983	0
302602.7926004783	4124019.8711310904	0
302602.79416951525	4124019.912254982	0
302602.7957385523	4124019.9533788743	0
302602.7973075893	4124019.994502766	0
302602.7988766263	4124020.0356266582	0
302602.80044566334	4124020.07675055	0
302602.80201470037	4124020.117874442	0
302602.8035837374	4124020.158998334	0
302602.8051527744	4124020.200122226	0
302602.8067218114	4124020.2412461177	0
302602.80829084845	4124020.28237001	0
302602.8098598854	4124020.3234939016	0
302602.81142892246	4124020.364617794	0
302602.8129979595	4124020.4057416855	0
302602.81456699653	4124020.4468655777	0
302602.8161360335	4124020.4879894694	0
302602.81770507054	4124020.5291133616	0
302602.8192741076	4124020.5702372533	0
302602.8208431446	4124020.6113611455	0
302602.8224121816	4124020.652485037	0
302602.8239812186	4124020.6936089294	0
302602.82555025566	4124020.734732821	0
302602.82711929263	4124020.7758567133	0
302602.82868832967	4124020.816980605	0
302602.8302573667	4124020.858104497	0
302602.83182640374	4124020.899228389	0
302602.8333954407	4124020.940352281	0
302602.83496447775	4124020.981476173	0
302602.8365335148	4124021.022600065	0
302602.83810255176	4124021.0637239567	0
302602.8396715888	4124021.104847849	0
302602.8412406258	4124021.1459717406	0
302602.84280966286	4124021.187095633	0
302602.84437869984	4124021.2282195245	0
302602.8459477369	4124021.2693434167	0
302602.8475167739	4124021.3104673084	0
302602.84908581094	4124021.3515912006	0
302602.8506548479	4124021.3927150923	0
302602.85222388495	4124021.4338389845	0
302602.853792922	4124021.474962876	0
302602.85536195897	4124021.5160867684	0
302602.856930996	4124021.55721066	0
302602.85850003303	4124021.5983345523	0
302602.86006907007	4124021.639458444	0
302602.86163810705	4124021.680582336	0
302602.8632071441	4124021.721706228	0
302602.8647761811	4124021.76283012	0
302602.8663452181	4124021.8039540118	0
302602.8679142551	4124021.845077904	0
302602.86948329216	4124021.8862017957	0
302602.8710523292	4124021.927325688	0
302602.8726213662	4124021.9684495796	0
302602.8741904032	4124022.0095734717	0
302602.87575944024	4124022.0506973634	0
302602.8773284773	4124022.0918212556	0
302602.87889751425	4124022.1329451473	0
302602.8804665513	4124022.1740690395	0
302602.8820355883	4124022.2151929312	0
302602.8836046253	4124022.2563168234	0
302602.88517366233	4124022.297440715	0
302602.88674269937	4124022.3385646073	0
302602.8883117364	4124022.379688499	0
302602.8898807734	4124022.420812391	0
302602.8914498104	4124022.461936283	0
302602.89301884745	4124022.503060175	0
302602.8945878844	4124022.544184067	0
302602.89615692146	4124022.585307959	0
302602.8977259585	4124022.6264318507	0
302602.8992949955	4124022.667555743	0
302602.9008640325	4124022.7086796346	0
302602.90243306954	4124022.749803527	0
302602.9040021066	4124022.7909274185	0
302602.9055711436	4124022.8320513107	0
302602.9071401806	4124022.8731752024	0
302602.9087092176	4124022.9142990946	0
302602.91027825465	4124022.9554229863	0
302602.91184729163	4124022.9965468785	0
302602.91341632867	4124023.03767077	0
302602.9149853657	4124023.0787946624	0
302602.91655440273	4124023.119918554	0
302602.9181234397	4124023.1610424463	0
302602.91969247675	4124023.202166338	0
302602.9212615138	4124023.24329023	0
302602.92283055076	4124023.284414122	0
302602.9243995878	4124023.325538014	0
302602.9259686248	4124023.366661906	0
302602.92753766186	4124023.407785798	0
302602.92910669884	4124023.4489096897	0
302602.9306757359	4124023.490033582	0
302602.9322447729	4124023.5311574736	0
302602.93381380994	4124023.5722813657	0
302602.9353828469	4124023.6134052575	0
302602.93695188395	4124023.654529149	0
302602.938520921	4124023.6956530414	0
302602.94008995796	4124023.736776933	0
302602.941658995	4124023.7779008253	0
302602.94322803203	4124023.819024717	0
302602.94479706907	4124023.860148609	0
302602.94636610604	4124023.901272501	0
302602.9479351431	4124023.942396393	0
302602.9495041801	4124023.9835202848	0
302602.95107321715	4124024.024644177	0
302602.9526422541	4124024.0657680687	0
302602.95421129116	4124024.106891961	0
302602.9557803282	4124024.1480158526	0
302602.95734936517	4124024.1891397447	0
302602.9589184022	4124024.2302636364	0
302602.96048743924	4124024.2713875286	0
302602.9620564763	4124024.3125114203	0
302602.96362551325	4124024.3536353125	0
302602.9651945503	4124024.3947592042	0
302602.9667635873	4124024.4358830964	0
302602.9683326243	4124024.477006988	0
302602.96990166133	4124024.5181308803	0
302602.97147069837	4124024.559254772	0
302602.9730397354	4124024.600378664	0
302602.9746087724	4124024.641502556	0
302602.9761778094	4124024.682626448	0
302602.97774684645	4124024.72375034	0
302602.9793158835	4124024.764874232	0
302602.98088492046	4124024.8059981237	0
302602.9824539575	4124024.847122016	0
302602.9840229945	4124024.8882459076	0
302602.9855920315	4124024.9293698	0
302602.98716106854	4124024.9704936915	0
302602.9887301056	4124025.0116175837	0
302602.9902991426	4124025.0527414754	0
302602.9918681796	4124025.0938653676	0
302602.9934372166	4124025.1349892593	0
302602.99500625365	4124025.1761131515	0
302602.9965752906	4124025.217237043	0
302602.99814432766	4124025.2583609354	0
302602.9997133647	4124025.299484827	0
302603.00128240173	4124025.3406087193	0
302603.0028514387	4124025.381732611	0
302603.00442047574	4124025.422856503	0
302603.0059895128	4124025.463980395	0
302603.0075585498	4124025.505104287	0
302603.0091275868	4124025.546228179	0
302603.0106966238	4124025.587352071	0
302603.01226566086	4124025.6284759627	0
302603.01383469783	4124025.669599855	0
302603.01540373487	4124025.7107237466	0
302603.0169727719	4124025.7518476387	0
302603.01854180894	4124025.7929715305	0
302603.0201108459	4124025.8340954226	0
302603.02167988295	4124025.8752193144	0
302603.02324892	4124025.9163432065	0
302603.02481795696	4124025.9574670983	0
302603.026386994	4124025.9985909904	0
302603.02795603103	4124026.039714882	0
302603.02952506806	4124026.0808387743	0
302603.03109410504	4124026.121962666	0
302603.0326631421	4124026.163086558	0
302603.0342321791	4124026.20421045	0
302603.03580121615	4124026.245334342	0
302603.0373702531	4124026.286458234	0
302603.03893929016	4124026.327582126	0
302603.0405083272	4124026.3687060177	0
302603.04207736417	4124026.40982991	0
302603.0436464012	4124026.4509538016	0
302603.04521543824	4124026.492077694	0
302603.0467844753	4124026.5332015855	0
302603.04835351225	4124026.5743254777	0
302603.0499225493	4124026.6154493694	0
302603.0514915863	4124026.6565732616	0
302603.0530606233	4124026.6976971533	0
302603.0546296603	4124026.7388210455	0
302603.05619869736	4124026.779944937	0
302603.0577677344	4124026.8210688294	0
302603.0593367714	4124026.862192721	0
302603.0609058084	4124026.9033166133	0
302603.06247484544	4124026.944440505	0
302603.0640438825	4124026.985564397	0
302603.06561291945	4124027.026688289	0
302603.0671819565	4124027.067812181	0
302603.0687509935	4124027.108936073	0
302603.0703200305	4124027.150059965	0
302603.07188906753	4124027.1911838567	0
302603.07345810457	4124027.232307749	0
302603.0750271416	4124027.2734316406	0
302603.0765961786	4124027.3145555328	0
302603.0781652156	4124027.3556794245	0
302603.07973425265	4124027.3968033167	0
302603.0813032897	4124027.4379272084	0
302603.08287232666	4124027.4790511006	0
302603.0844413637	4124027.5201749923	0
302603.08601040073	4124027.5612988845	0
302603.0875794377	4124027.602422776	0
302603.08914847474	4124027.6435466683	0
302603.0907175118	4124027.68467056	0
302603.0922865488	4124027.7257944522	0
302603.0938555858	4124027.766918344	0
302603.0954246228	4124027.808042236	0
302603.09699365986	4124027.849166128	0
302603.09856269683	4124027.89029002	0
302603.10013173387	4124027.9314139117	0
302603.1017007709	4124027.972537804	0
302603.10326980794	4124028.0136616956	0
302603.1048388449	4124028.054785588	0
302603.10640788195	4124028.0959094795	0
302603.107976919	4124028.1370333717	0
302603.109545956	4124028.1781572634	0
302603.111114993	4124028.2192811556	0
302603.11268403	4124028.2604050473	0
302603.11425306706	4124028.3015289395	0
302603.11582210404	4124028.342652831	0
302603.1173911411	4124028.3837767234	0
302603.1189601781	4124028.424900615	0
302603.12052921514	4124028.4660245073	0
302603.1220982521	4124028.507148399	0
302603.12366728915	4124028.548272291	0
302603.1252363262	4124028.589396183	0
302603.12680536316	4124028.630520075	0
302603.1283744002	4124028.671643967	0
302603.12994343723	4124028.712767859	0
302603.13151247427	4124028.7538917507	0
302603.13308151125	4124028.795015643	0
302603.1346505483	4124028.8361395346	0
302603.1362195853	4124028.877263427	0
302603.13778862235	4124028.9183873185	0
302603.1393576593	4124028.9595112107	0
302603.14092669636	4124029.0006351024	0
302603.1424957334	4124029.0417589946	0
302603.1440647704	4124029.0828828863	0
302603.1456338074	4124029.124006778	0
302603.14720284444	4124029.16513067	0
302603.1487718815	4124029.206254562	0
302603.15034091845	4124029.247378454	0
302603.1519099555	4124029.288502346	0
302603.1534789925	4124029.329626238	0
302603.1550480295	4124029.3707501297	0
302603.15661706653	4124029.411874022	0
302603.15818610357	4124029.4529979136	0
302603.1597551406	4124029.4941218058	0
302603.1613241776	4124029.5352456975	0
302603.1628932146	4124029.5763695897	0
302603.16446225165	4124029.6174934814	0
302603.1660312887	4124029.6586173736	0
302603.16760032566	4124029.6997412653	0
302603.1691693627	4124029.7408651575	0
302603.1707383997	4124029.781989049	0
302603.1723074367	4124029.8231129413	0
302603.17387647374	4124029.864236833	0
302603.1754455108	4124029.9053607252	0
302603.1770145478	4124029.946484617	0
302603.1785835848	4124029.987608509	0
302603.1801526218	4124030.028732401	0
302603.18172165885	4124030.069856293	0
302603.18329069583	4124030.1109801847	0
302603.18485973286	4124030.152104077	0
302603.1864287699	4124030.1932279686	0
302603.18799780693	4124030.234351861	0
302603.1895668439	4124030.2754757525	0
302603.19113588094	4124030.3165996447	0
302603.192704918	4124030.3577235364	0
302603.194273955	4124030.3988474286	0
302603.195842992	4124030.4399713203	0
302603.197412029	4124030.4810952125	0
302603.19898106606	4124030.522219104	0
302603.20055010304	4124030.5633429964	0
302603.20211914007	4124030.604466888	0
302603.2036881771	4124030.6455907803	0
302603.20525721414	4124030.686714672	0
302603.2068262511	4124030.727838564	0
302603.20839528815	4124030.768962456	0
302603.2099643252	4124030.810086348	0
302603.2115333622	4124030.85121024	0
302603.2131023992	4124030.892334132	0
302603.21467143623	4124030.9334580237	0
302603.21624047327	4124030.974581916	0
302603.21780951024	4124031.0157058076	0
302603.2193785473	4124031.0568297	0
302603.2209475843	4124031.0979535915	0
302603.22251662135	4124031.1390774837	0
302603.2240856583	4124031.1802013754	0
302603.22565469536	4124031.2213252676	0
302603.2272237324	4124031.2624491593	0
302603.22879276937	4124031.3035730515	0
302603.2303618064	4124031.344696943	0
302603.23193084344	4124031.3858208354	0
302603.2334998805	4124031.426944727	0
302603.23506891745	4124031.4680686193	0
302603.2366379545	4124031.509192511	0
302603.2382069915	4124031.550316403	0
302603.23977602855	4124031.591440295	0
302603.24134506553	4124031.632564187	0
302603.24291410256	4124031.6736880788	0
302603.2444831396	4124031.714811971	0
302603.2460521766	4124031.7559358627	0
302603.2476212136	4124031.797059755	0
302603.24919025064	4124031.8381836466	0
302603.2507592877	4124031.8793075387	0
302603.25232832466	4124031.9204314305	0
302603.2538973617	4124031.9615553226	0
302603.2554663987	4124032.0026792143	0
302603.2570354357	4124032.0438031065	0
302603.25860447274	4124032.0849269982	0
302603.26017350977	4124032.1260508904	0
302603.2617425468	4124032.167174782	0
302603.2633115838	4124032.2082986743	0
302603.2648806208	4124032.249422566	0
302603.26644965785	4124032.290546458	0
302603.2680186949	4124032.33167035	0
302603.26958773186	4124032.372794242	0
302603.2711567689	4124032.413918134	0
302603.27272580593	4124032.455042026	0
302603.2742948429	4124032.4961659177	0
302603.27586387994	4124032.53728981	0
302603.277432917	4124032.5784137016	0
302603.279001954	4124032.619537594	0
302603.280570991	4124032.6606614855	0
302603.282140028	4124032.7017853777	0
302603.28370906506	4124032.7429092694	0
302603.28527810203	4124032.7840331616	0
302603.28684713907	4124032.8251570533	0
302603.2884161761	4124032.8662809455	0
302603.28998521314	4124032.907404837	0
302603.2915542501	4124032.9485287294	0
302603.29312328715	4124032.989652621	0
302603.2946923242	4124033.0307765133	0
302603.2962613612	4124033.071900405	0
302603.2978303982	4124033.113024297	0
302603.29939943523	4124033.154148189	0
302603.30096847226	4124033.195272081	0
302603.30253750924	4124033.236395973	0
302603.3041065463	4124033.277519865	0
302603.3056755833	4124033.3186437567	0
302603.30724462034	4124033.359767649	0
302603.3088136573	4124033.4008915406	0
302603.31038269436	4124033.4420154328	0
302603.3119517314	4124033.4831393245	0
302603.31352076837	4124033.5242632166	0
302603.3150898054	4124033.5653871084	0
302603.31665884244	4124033.6065110005	0
302603.31822787947	4124033.6476348923	0
302603.31979691645	4124033.6887587844	0
302603.3213659535	4124033.729882676	0
302603.3229349905	4124033.7710065683	0
302603.32450402755	4124033.81213046	0
302603.3260730645	4124033.853254352	0
302603.32764210156	4124033.894378244	0
302603.3292111386	4124033.935502136	0
302603.3307801756	4124033.976626028	0
302603.3323492126	4124034.01774992	0
302603.33391824964	4124034.0588738117	0
302603.3354872867	4124034.099997704	0
302603.33705632365	4124034.1411215956	0
302603.3386253607	4124034.182245488	0
302603.3401943977	4124034.2233693795	0
302603.34176343476	4124034.2644932717	0
302603.34333247173	4124034.3056171634	0
302603.34490150877	4124034.3467410556	0
302603.3464705458	4124034.3878649473	0
302603.3480395828	4124034.4289888395	0
302603.3496086198	4124034.470112731	0
302603.35117765685	4124034.5112366234	0
302603.3527466939	4124034.552360515	0
302603.35431573086	4124034.5934844073	0
302603.3558847679	4124034.634608299	0
302603.3574538049	4124034.6757321907	0
302603.3590228419	4124034.716856083	0
302603.36059187894	4124034.7579799746	0
302603.362160916	4124034.799103867	0
302603.363729953	4124034.8402277585	0
302603.36529899	4124034.8813516507	0
302603.366868027	4124034.9224755424	0
302603.36843706405	4124034.9635994346	0
302603.3700061011	4124035.0047233263	0
302603.37157513807	4124035.0458472185	0
302603.3731441751	4124035.08697111	0
302603.37471321214	4124035.1280950024	0
302603.3762822491	4124035.169218894	0
302603.37785128615	4124035.2103427863	0
302603.3794203232	4124035.251466678	0
302603.3809893602	4124035.29259057	0
302603.3825583972	4124035.333714462	0
302603.3841274342	4124035.374838354	0
302603.38569647126	4124035.415962246	0
302603.38726550824	4124035.457086138	0
302603.3888345453	4124035.4982100297	0
302603.3904035823	4124035.539333922	0
302603.39197261934	4124035.5804578136	0
302603.3935416563	4124035.6215817058	0
302603.39511069335	4124035.6627055975	0
302603.3966797304	4124035.7038294896	0
302603.3982487674	4124035.7449533814	0
302603.3998178044	4124035.7860772735	0
302603.40138684143	4124035.8272011653	0
302603.40295587847	4124035.8683250574	0
302603.40452491544	4124035.909448949	0
302603.4060939525	4124035.9505728413	0
302603.4076629895	4124035.991696733	0
302603.40923202655	4124036.032820625	0
302603.4108010635	4124036.073944517	0
302603.41237010056	4124036.115068409	0
302603.4139391376	4124036.156192301	0
302603.41550817457	4124036.197316193	0
302603.4170772116	4124036.2384400847	0
302603.41864624864	4124036.279563977	0
302603.4202152857	4124036.3206878686	0
302603.42178432265	4124036.361811761	0
302603.4233533597	4124036.4029356525	0
302603.4249223967	4124036.4440595447	0
302603.42649143375	4124036.4851834364	0
302603.42806047073	4124036.5263073286	0
302603.42962950777	4124036.5674312203	0
302603.4311985448	4124036.6085551125	0
302603.4327675818	4124036.649679004	0
302603.4343366188	4124036.6908028964	0
302603.43590565585	4124036.731926788	0
302603.4374746929	4124036.7730506803	0
302603.43904372986	4124036.814174572	0
302603.4406127669	4124036.855298464	0
302603.4421818039	4124036.896422356	0
302603.4437508409	4124036.937546248	0
302603.44531987794	4124036.97867014	0
302603.446888915	4124037.019794032	0
302603.448457952	4124037.0609179237	0
302603.450026989	4124037.102041816	0
302603.451596026	4124037.1431657076	0
302603.45316506305	4124037.1842896	0
302603.4547341001	4124037.2254134915	0
302603.45630313706	4124037.2665373837	0
302603.4578721741	4124037.3076612754	0
302603.45944121113	4124037.3487851676	0
302603.4610102481	4124037.3899090593	0
302603.46257928514	4124037.4310329515	0
302603.4641483222	4124037.472156843	0
302603.4657173592	4124037.5132807354	0
302603.4672863962	4124037.554404627	0
302603.4688554332	4124037.5955285192	0
302603.47042447026	4124037.636652411	0
302603.47199350724	4124037.677776303	0
302603.47356254427	4124037.718900195	0
302603.4751315813	4124037.760024087	0
302603.47670061834	4124037.8011479788	0
302603.4782696553	4124037.842271871	0
302603.47983869235	4124037.8833957626	0
302603.4814077294	4124037.924519655	0
302603.4829767664	4124037.9656435465	0
302603.4845458034	4124038.0067674387	0
302603.48611484043	4124038.0478913304	0
302603.48768387747	4124038.0890152226	0
302603.48925291444	4124038.1301391143	0
302603.4908219515	4124038.1712630065	0
302603.4923909885	4124038.212386898	0
302603.49396002555	4124038.2535107904	0
302603.4955290625	4124038.294634682	0
302603.49709809956	4124038.3357585743	0
302603.4986671366	4124038.376882466	0
302603.5002361736	4124038.418006358	0
302603.5018052106	4124038.45913025	0
302603.50337424764	4124038.500254142	0
302603.5049432847	4124038.541378034	0
302603.50651232165	4124038.582501926	0
302603.5080813587	4124038.6236258177	0
302603.5096503957	4124038.66474971	0
302603.51121943275	4124038.7058736016	0
302603.5127884697	4124038.746997494	0
302603.51435750676	4124038.7881213855	0
302603.5159265438	4124038.8292452777	0
302603.5174955808	4124038.8703691694	0
302603.5190646178	4124038.9114930616	0
302603.52063365484	4124038.9526169533	0
302603.5222026919	4124038.9937408455	0
302603.52377172885	4124039.034864737	0
302603.5253407659	4124039.0759886294	0
302603.5269098029	4124039.117112521	0
302603.52847883996	4124039.1582364133	0
302603.53004787693	4124039.199360305	0
302603.53161691397	4124039.240484197	0
302603.533185951	4124039.281608089	0
302603.534754988	4124039.322731981	0
302603.536324025	4124039.363855873	0
302603.53789306205	4124039.404979765	0
302603.5394620991	4124039.4461036567	0
302603.54103113606	4124039.487227549	0
302603.5426001731	4124039.5283514406	0
302603.54416921013	4124039.5694753327	0
302603.5457382471	4124039.6105992245	0
302603.54730728414	4124039.6517231166	0
302603.5488763212	4124039.6928470084	0
302603.5504453582	4124039.7339709005	0
302603.5520143952	4124039.7750947922	0
302603.5535834322	4124039.8162186844	0
302603.55515246926	4124039.857342576	0
302603.5567215063	4124039.8984664683	0
302603.55829054327	4124039.93959036	0
302603.5598595803	4124039.980714252	0
302603.56142861734	4124040.021838144	0
302603.5629976543	4124040.062962036	0
302603.56456669135	4124040.104085928	0
302603.5661357284	4124040.1452098195	0
302603.5677047654	4124040.1863337117	0
302603.5692738024	4124040.2274576034	0
302603.5708428394	4124040.2685814956	0
302603.57241187646	4124040.3097053873	0
302603.57398091344	4124040.3508292795	0
302603.5755499505	4124040.391953171	0
302603.5771189875	4124040.4330770634	0
302603.57868802454	4124040.474200955	0
302603.5802570615	4124040.5153248473	0
302603.58182609855	4124040.556448739	0
302603.5833951356	4124040.597572631	0
302603.5849641726	4124040.638696523	0
302603.5865332096	4124040.679820415	0
302603.58810224663	4124040.720944307	0
302603.58967128367	4124040.762068199	0
302603.59124032065	4124040.8031920907	0
302603.5928093577	4124040.844315983	0
302603.5943783947	4124040.8854398746	0
302603.59594743175	4124040.926563767	0
302603.5975164687	4124040.9676876585	0
302603.59908550576	4124041.0088115507	0
302603.6006545428	4124041.0499354424	0
302603.6022235798	4124041.0910593346	0
302603.6037926168	4124041.1321832263	0
302603.60536165384	4124041.1733071185	0
302603.6069306909	4124041.21443101	0
302603.60849972785	4124041.2555549024	0
302603.6100687649	4124041.296678794	0
302603.6116378019	4124041.3378026863	0
302603.61320683896	4124041.378926578	0
302603.61477587593	4124041.42005047	0
302603.61634491297	4124041.461174362	0
302603.61791395	4124041.502298254	0
302603.619482987	4124041.543422146	0
302603.621052024	4124041.584546038	0
302603.62262106105	4124041.6256699297	0
302603.6241900981	4124041.666793822	0
302603.62575913506	4124041.7079177136	0
302603.6273281721	4124041.7490416057	0
302603.6288972091	4124041.7901654975	0
302603.63046624616	4124041.8312893896	0
302603.63203528314	4124041.8724132814	0
302603.6336043202	4124041.9135371735	0
302603.6351733572	4124041.9546610652	0
302603.6367423942	4124041.9957849574	0
302603.6383114312	4124042.036908849	0
302603.63988046825	4124042.0780327413	0
302603.6414495053	4124042.119156633	0
302603.64301854227	4124042.160280525	0
302603.6445875793	4124042.201404417	0
302603.64615661633	4124042.242528309	0
302603.6477256533	4124042.283652201	0
302603.64929469035	4124042.324776093	0
302603.6508637274	4124042.3658999847	0
302603.6524327644	4124042.407023877	0
302603.6540018014	4124042.4481477686	0
302603.6555708384	4124042.489271661	0
302603.65713987546	4124042.5303955525	0
302603.6587089125	4124042.5715194447	0
302603.6602779495	4124042.6126433364	0
302603.6618469865	4124042.6537672286	0
302603.66341602354	4124042.6948911203	0
302603.6649850605	4124042.7360150125	0
302603.66655409755	4124042.777138904	0
302603.6681231346	4124042.8182627964	0
302603.6696921716	4124042.859386688	0
302603.6712612086	4124042.9005105803	0
302603.67283024563	4124042.941634472	0
302603.67439928267	4124042.982758364	0
302603.67596831964	4124043.023882256	0
302603.6775373567	4124043.065006148	0
302603.6791063937	4124043.10613004	0
302603.68067543075	4124043.147253932	0
302603.6822444677	4124043.1883778237	0
302603.68381350476	4124043.229501716	0
302603.6853825418	4124043.2706256076	0
302603.6869515788	4124043.3117494998	0
302603.6885206158	4124043.3528733915	0
302603.69008965284	4124043.3939972837	0
302603.6916586899	4124043.4351211754	0
302603.69322772685	4124043.4762450675	0
302603.6947967639	4124043.5173689593	0
302603.6963658009	4124043.5584928514	0
302603.69793483795	4124043.599616743	0
302603.69950387493	4124043.6407406353	0
302603.70107291196	4124043.681864527	0
302603.702641949	4124043.7229884192	0
302603.704210986	4124043.764112311	0
302603.705780023	4124043.805236203	0
302603.70734906005	4124043.846360095	0
302603.7089180971	4124043.887483987	0
302603.71048713406	4124043.9286078787	0
302603.7120561711	4124043.969731771	0
302603.7136252081	4124044.0108556626	0
302603.71519424516	4124044.051979555	0
302603.71676328214	4124044.0931034465	0
302603.7183323192	4124044.1342273387	0
302603.7199013562	4124044.1753512304	0
302603.7214703932	4124044.2164751226	0
302603.7230394302	4124044.2575990143	0
302603.72460846725	4124044.2987229065	0
302603.7261775043	4124044.339846798	0
302603.72774654126	4124044.3809706904	0
302603.7293155783	4124044.422094582	0
302603.73088461533	4124044.4632184743	0
302603.7324536523	4124044.504342366	0
302603.73402268934	4124044.545466258	0
302603.7355917264	4124044.58659015	0
302603.7371607634	4124044.627714042	0
302603.7387298004	4124044.668837934	0
302603.7402988374	4124044.709961826	0
302603.74186787446	4124044.7510857177	0
302603.7434369115	4124044.79220961	0
302603.74500594847	4124044.8333335016	0
302603.7465749855	4124044.874457394	0
302603.74814402254	4124044.9155812855	0
302603.7497130595	4124044.9567051777	0
302603.75128209655	4124044.9978290694	0
302603.7528511336	4124045.0389529616	0
302603.7544201706	4124045.0800768533	0
302603.7559892076	4124045.1212007455	0
302603.75755824463	4124045.162324637	0
302603.75912728166	4124045.2034485294	0
302603.7606963187	4124045.244572421	0
302603.7622653557	4124045.2856963133	0
302603.7638343927	4124045.326820205	0
302603.76540342974	4124045.367944097	0
302603.7669724667	4124045.409067989	0
302603.76854150376	4124045.450191881	0
302603.7701105408	4124045.4913157728	0
302603.7716795778	4124045.532439665	0
302603.7732486148	4124045.5735635567	0
302603.77481765184	4124045.6146874484	0
302603.77638668887	4124045.6558113405	0
302603.77795572585	4124045.6969352323	0
302603.7795247629	4124045.7380591244	0
302603.7810937999	4124045.779183016	0
302603.78266283695	4124045.8203069083	0
302603.7842318739	4124045.8614308	0
302603.78580091096	4124045.9025546922	0
302603.787369948	4124045.943678584	0
302603.78893898503	4124045.984802476	0
302603.790508022	4124046.025926368	0
302603.79207705904	4124046.06705026	0
302603.7936460961	4124046.1081741517	0
302603.79521513305	4124046.149298044	0
302603.7967841701	4124046.1904219356	0
302603.7983532071	4124046.231545828	0
302603.79992224416	4124046.2726697195	0
302603.80149128113	4124046.3137936117	0
302603.80306031817	4124046.3549175034	0
302603.8046293552	4124046.3960413956	0
302603.8061983922	4124046.4371652873	0
302603.8077674292	4124046.4782891795	0
302603.80933646625	4124046.519413071	0
302603.8109055033	4124046.5605369634	0
302603.81247454026	4124046.601660855	0
302603.8140435773	4124046.6427847473	0
302603.81561261433	4124046.683908639	0
302603.81718165136	4124046.725032531	0
302603.81875068834	4124046.766156423	0
302603.8203197254	4124046.807280315	0
302603.8218887624	4124046.848404207	0
302603.8234577994	4124046.889528099	0
302603.8250268364	4124046.9306519907	0
302603.82659587346	4124046.971775883	0
302603.8281649105	4124047.0128997746	0
302603.82973394747	4124047.054023667	0
302603.8313029845	4124047.0951475585	0
302603.83287202154	4124047.1362714507	0
302603.8344410585	4124047.1773953424	0
302603.83601009555	4124047.2185192346	0
302603.8375791326	4124047.2596431263	0
302603.8391481696	4124047.3007670185	0
302603.8407172066	4124047.34189091	0
302603.8422862436	4124047.3830148024	0
302603.84385528066	4124047.424138694	0
302603.8454243177	4124047.4652625863	0
302603.8469933547	4124047.506386478	0
302603.8485623917	4124047.54751037	0
302603.85013142874	4124047.588634262	0
302603.8517004657	4124047.629758154	0
302603.85326950275	4124047.6708820458	0
302603.8548385398	4124047.712005938	0
302603.8564075768	4124047.7531298297	0
302603.8579766138	4124047.794253722	0
302603.85954565083	4124047.8353776135	0
302603.86111468787	4124047.8765015057	0
302603.86268372484	4124047.9176253974	0
302603.8642527619	4124047.9587492896	0
302603.8658217989	4124047.9998731813	0
302603.86739083595	4124048.0409970735	0
302603.8689598729	4124048.0821209652	0
302603.87052890996	4124048.1232448574	0
302603.872097947	4124048.164368749	0
302603.87366698403	4124048.2054926413	0
302603.875236021	4124048.246616533	0
302603.87680505804	4124048.287740425	0
302603.8783740951	4124048.328864317	0
302603.87994313205	4124048.369988209	0
302603.8815121691	4124048.411112101	0
302603.8830812061	4124048.452235993	0
302603.88465024316	4124048.4933598847	0
302603.88621928013	4124048.534483777	0
302603.88778831717	4124048.5756076686	0
302603.8893573542	4124048.616731561	0
302603.89092639124	4124048.6578554525	0
302603.8924954282	4124048.6989793447	0
302603.89406446525	4124048.7401032364	0
302603.8956335023	4124048.7812271286	0
302603.89720253926	4124048.8223510203	0
302603.8987715763	4124048.8634749125	0
302603.9003406133	4124048.904598804	0
302603.90190965036	4124048.9457226964	0
302603.90347868734	4124048.986846588	0
302603.9050477244	4124049.0279704803	0
302603.9066167614	4124049.069094372	0
302603.9081857984	4124049.110218264	0
302603.9097548354	4124049.151342156	0
302603.91132387245	4124049.192466048	0
302603.9128929095	4124049.23358994	0
302603.91446194646	4124049.274713832	0
302603.9160309835	4124049.3158377237	0
302603.91760002053	4124049.356961616	0
302603.91916905757	4124049.3980855076	0
302603.92073809454	4124049.4392093997	0
302603.9223071316	4124049.4803332915	0
302603.9238761686	4124049.5214571836	0
302603.9254452056	4124049.5625810754	0
302603.9270142426	4124049.6037049675	0
302603.92858327966	4124049.6448288593	0
302603.9301523167	4124049.6859527514	0
302603.93172135367	4124049.727076643	0
302603.9332903907	4124049.7682005353	0
302603.93485942774	4124049.809324427	0
302603.9364284647	4124049.850448319	0
302603.93799750175	4124049.891572211	0
302603.9395665388	4124049.932696103	0
302603.9411355758	4124049.973819995	0
302603.9427046128	4124050.014943887	0
302603.94427364983	4124050.0560677787	0
302603.94584268687	4124050.097191671	0
302603.9474117239	4124050.1383155626	0
302603.9489807609	4124050.179439455	0
302603.9505497979	4124050.2205633465	0
302603.95211883495	4124050.2616872387	0
302603.9536878719	4124050.3028111304	0
302603.95525690896	4124050.3439350226	0
302603.956825946	4124050.3850589143	0
302603.958394983	4124050.4261828065	0
302603.95996402	4124050.467306698	0
302603.96153305704	4124050.5084305904	0
302603.9631020941	4124050.549554482	0
302603.96467113105	4124050.5906783743	0
302603.9662401681	4124050.631802266	0
302603.9678092051	4124050.672926158	0
302603.96937824215	4124050.71405005	0
302603.97094727913	4124050.755173942	0
302603.97251631616	4124050.796297834	0
302603.9740853532	4124050.837421726	0
302603.97565439023	4124050.8785456177	0
302603.9772234272	4124050.91966951	0
302603.97879246424	4124050.9607934016	0
302603.9803615013	4124051.0019172938	0
302603.98193053826	4124051.0430411855	0
302603.9834995753	4124051.084165077	0
302603.9850686123	4124051.1252889694	0
302603.98663764936	4124051.166412861	0
302603.98820668634	4124051.2075367533	0
302603.98977572337	4124051.248660645	0
302603.9913447604	4124051.289784537	0
302603.9929137974	4124051.330908429	0
302603.9944828344	4124051.372032321	0
302603.99605187145	4124051.413156213	0
302603.9976209085	4124051.454280105	0
302603.99918994546	4124051.4954039967	0
302604.0007589825	4124051.536527889	0
302604.00232801953	4124051.5776517806	0
302604.00389705657	4124051.6187756727	0
302604.00546609354	4124051.6598995645	0
302604.0070351306	4124051.7010234566	0
302604.0086041676	4124051.7421473484	0
302604.0101732046	4124051.7832712405	0
302604.0117422416	4124051.8243951323	0
302604.01331127866	4124051.8655190244	0
302604.0148803157	4124051.906642916	0
302604.01644935267	4124051.9477668083	0
302604.0180183897	4124051.9888907	0
302604.01958742674	4124052.030014592	0
302604.0211564638	4124052.071138484	0
302604.02272550075	4124052.112262376	0
302604.0242945378	4124052.153386268	0
302604.0258635748	4124052.19451016	0
302604.0274326118	4124052.2356340517	0
302604.0290016488	4124052.276757944	0
302604.03057068586	4124052.3178818356	0
302604.0321397229	4124052.359005728	0
302604.0337087599	4124052.4001296195	0
302604.0352777969	4124052.4412535117	0
302604.03684683394	4124052.4823774034	0
302604.0384158709	4124052.5235012956	0
302604.03998490795	4124052.5646251873	0
302604.041553945	4124052.6057490795	0
302604.043122982	4124052.646872971	0
302604.044692019	4124052.6879968634	0
302604.04626105604	4124052.729120755	0
302604.04783009307	4124052.7702446473	0
302604.0493991301	4124052.811368539	0
302604.0509681671	4124052.852492431	0
302604.0525372041	4124052.893616323	0
302604.05410624115	4124052.934740215	0
302604.0556752781	4124052.975864107	0
302604.05724431516	4124053.016987999	0
302604.0588133522	4124053.0581118907	0
302604.06038238923	4124053.099235783	0
302604.0619514262	4124053.1403596746	0
302604.06352046324	4124053.1814835668	0
302604.0650895003	4124053.2226074585	0
302604.06665853725	4124053.2637313507	0
302604.0682275743	4124053.3048552424	0
302604.0697966113	4124053.3459791346	0
302604.07136564836	4124053.3871030263	0
302604.07293468533	4124053.4282269184	0
302604.07450372237	4124053.46935081	0
302604.0760727594	4124053.5104747023	0
302604.07764179644	4124053.551598594	0
302604.0792108334	4124053.5927224862	0
302604.08077987045	4124053.633846378	0
302604.0823489075	4124053.67497027	0
302604.08391794446	4124053.716094162	0
302604.0854869815	4124053.757218054	0
302604.0870560185	4124053.7983419457	0
302604.08862505556	4124053.839465838	0
302604.09019409254	4124053.8805897296	0
302604.0917631296	4124053.921713622	0
302604.0933321666	4124053.9628375135	0
302604.0949012036	4124054.0039614057	0
302604.0964702406	4124054.0450852974	0
302604.09803927765	4124054.0862091896	0
302604.0996083147	4124054.1273330813	0
302604.10117735167	4124054.1684569735	0
302604.1027463887	4124054.209580865	0
302604.10431542573	4124054.2507047574	0
302604.10588446277	4124054.291828649	0
302604.10745349975	4124054.3329525413	0
302604.1090225368	4124054.374076433	0
302604.1105915738	4124054.415200325	0
302604.1121606108	4124054.456324217	0
302604.1137296478	4124054.497448109	0
302604.11529868486	4124054.538572001	0
302604.1168677219	4124054.579695893	0
302604.1184367589	4124054.6208197847	0
302604.1200057959	4124054.661943677	0
302604.12157483294	4124054.7030675686	0
302604.1231438699	4124054.744191461	0
302604.12471290695	4124054.7853153525	0
302604.126281944	4124054.8264392447	0
302604.127850981	4124054.8675631364	0
302604.129420018	4124054.9086870286	0
302604.13098905503	4124054.9498109203	0
302604.13255809207	4124054.9909348125	0
302604.1341271291	4124055.032058704	0
302604.1356961661	4124055.0731825964	0
302604.1372652031	4124055.114306488	0
302604.13883424015	4124055.1554303803	0
302604.1404032771	4124055.196554272	0
302604.14197231416	4124055.237678164	0
302604.1435413512	4124055.278802056	0
302604.1451103882	4124055.319925948	0
302604.1466794252	4124055.3610498398	0
302604.14824846224	4124055.402173732	0
302604.1498174993	4124055.4432976237	0
302604.15138653625	4124055.484421516	0
302604.1529555733	4124055.5255454076	0
302604.1545246103	4124055.5666692997	0
302604.15609364735	4124055.6077931914	0
302604.15766268433	4124055.6489170836	0
302604.15923172137	4124055.6900409753	0
302604.1608007584	4124055.7311648675	0
302604.16236979543	4124055.7722887592	0
302604.1639388324	4124055.8134126514	0
302604.16550786945	4124055.854536543	0
302604.1670769065	4124055.8956604353	0
302604.16864594346	4124055.936784327	0
302604.1702149805	4124055.977908219	0
302604.1717840175	4124056.019032111	0
302604.17335305456	4124056.060156003	0
302604.17492209154	4124056.101279895	0
302604.1764911286	4124056.142403787	0
302604.1780601656	4124056.1835276787	0
302604.17962920264	4124056.224651571	0
302604.1811982396	4124056.2657754626	0
302604.18276727665	4124056.306899355	0
302604.1843363137	4124056.3480232465	0
302604.18590535066	4124056.3891471387	0
302604.1874743877	4124056.4302710304	0
302604.18904342473	4124056.4713949226	0
302604.19061246177	4124056.5125188143	0
302604.19218149874	4124056.553642706	0
302604.1937505358	4124056.594766598	0
302604.1953195728	4124056.63589049	0
302604.1968886098	4124056.677014382	0
302604.1984576468	4124056.718138274	0
302604.20002668386	4124056.759262166	0
302604.2015957209	4124056.8003860577	0
302604.20316475787	4124056.84150995	0
302604.2047337949	4124056.8826338416	0
302604.20630283194	4124056.923757734	0
302604.207871869	4124056.9648816255	0
302604.20944090595	4124057.0060055177	0
302604.211009943	4124057.0471294094	0
302604.21257898	4124057.0882533016	0
302604.214148017	4124057.1293771933	0
302604.21571705403	4124057.1705010855	0
302604.21728609107	4124057.211624977	0
302604.2188551281	4124057.2527488694	0
302604.2204241651	4124057.293872761	0
302604.2219932021	4124057.3349966533	0
302604.22356223915	4124057.376120545	0
302604.2251312761	4124057.417244437	0
302604.22670031316	4124057.458368329	0
302604.2282693502	4124057.499492221	0
302604.2298383872	4124057.5406161128	0
302604.2314074242	4124057.581740005	0
302604.23297646124	4124057.6228638967	0
302604.2345454983	4124057.663987789	0
302604.2361145353	4124057.7051116806	0
302604.2376835723	4124057.7462355727	0
302604.2392526093	4124057.7873594644	0
302604.24082164635	4124057.8284833566	0
302604.2423906833	4124057.8696072483	0
302604.24395972036	4124057.9107311405	0
302604.2455287574	4124057.9518550322	0
302604.24709779443	4124057.9929789244	0
302604.2486668314	4124058.034102816	0
302604.25023586844	4124058.0752267083	0
302604.2518049055	4124058.1163506	0
302604.25337394245	4124058.157474492	0
302604.2549429795	4124058.198598384	0
302604.2565120165	4124058.239722276	0
302604.25808105356	4124058.280846168	0
302604.25965009053	4124058.32197006	0
302604.26121912757	4124058.3630939517	0
302604.2627881646	4124058.404217844	0
302604.26435720164	4124058.4453417356	0
302604.2659262386	4124058.486465628	0
302604.26749527565	4124058.5275895195	0
302604.2690643127	4124058.5687134117	0
302604.27063334966	4124058.6098373034	0
302604.2722023867	4124058.6509611956	0
302604.27377142373	4124058.6920850873	0
302604.27534046076	4124058.7332089795	0
302604.27690949774	4124058.774332871	0
302604.2784785348	4124058.8154567634	0
302604.2800475718	4124058.856580655	0
302604.2816166088	4124058.8977045473	0
302604.2831856458	4124058.938828439	0
302604.28475468286	4124058.979952331	0
302604.2863237199	4124059.021076223	0
302604.28789275687	4124059.062200115	0
302604.2894617939	4124059.103324007	0
302604.29103083094	4124059.144447899	0
302604.292599868	4124059.1855717907	0
302604.29416890495	4124059.226695683	0
302604.295737942	4124059.2678195746	0
302604.297306979	4124059.3089434667	0
302604.298876016	4124059.3500673585	0
302604.300445053	4124059.3911912506	0
302604.30201409006	4124059.4323151424	0
302604.3035831271	4124059.4734390345	0
302604.3051521641	4124059.5145629263	0
302604.3067212011	4124059.5556868184	0
302604.30829023814	4124059.59681071	0
302604.3098592752	4124059.6379346023	0
302604.31142831215	4124059.679058494	0
302604.3129973492	4124059.720182386	0
302604.3145663862	4124059.761306278	0
302604.3161354232	4124059.80243017	0
302604.31770446023	4124059.843554062	0
302604.31927349727	4124059.884677954	0
302604.3208425343	4124059.9258018457	0
302604.3224115713	4124059.966925738	0
302604.3239806083	4124060.0080496296	0
302604.32554964535	4124060.049173522	0
302604.3271186823	4124060.0902974135	0
302604.32868771936	4124060.1314213057	0
302604.3302567564	4124060.1725451974	0
302604.33182579343	4124060.2136690896	0
302604.3333948304	4124060.2547929813	0
302604.33496386744	4124060.2959168735	0
302604.3365329045	4124060.337040765	0
302604.3381019415	4124060.3781646574	0
302604.3396709785	4124060.419288549	0
302604.3412400155	4124060.4604124413	0
302604.34280905256	4124060.501536333	0
302604.34437808953	4124060.542660225	0
302604.34594712657	4124060.583784117	0
302604.3475161636	4124060.624908009	0
302604.34908520064	4124060.666031901	0
302604.3506542376	4124060.707155793	0
302604.35222327465	4124060.7482796847	0
302604.3537923117	4124060.789403577	0
302604.35536134866	4124060.8305274686	0
302604.3569303857	4124060.8716513608	0
302604.3584994227	4124060.9127752525	0
302604.36006845976	4124060.9538991447	0
302604.36163749674	4124060.9950230364	0
302604.3632065338	4124061.0361469286	0
302604.3647755708	4124061.0772708203	0
302604.36634460784	4124061.1183947125	0
302604.3679136448	4124061.159518604	0
302604.36948268185	4124061.2006424963	0
302604.3710517189	4124061.241766388	0
302604.37262075586	4124061.2828902802	0
302604.3741897929	4124061.324014172	0
302604.37575882993	4124061.365138064	0
302604.37732786697	4124061.406261956	0
302604.37889690395	4124061.447385848	0
302604.380465941	4124061.4885097397	0
302604.382034978	4124061.529633632	0
302604.383604015	4124061.5707575236	0
302604.385173052	4124061.611881416	0
302604.38674208906	4124061.6530053075	0
302604.3883111261	4124061.6941291997	0
302604.3898801631	4124061.7352530914	0
302604.3914492001	4124061.7763769836	0
302604.39301823714	4124061.8175008753	0
302604.3945872742	4124061.8586247675	0
302604.39615631115	4124061.899748659	0
302604.3977253482	4124061.9408725514	0
302604.3992943852	4124061.981996443	0
302604.4008634222	4124062.023120335	0
302604.40243245923	4124062.064244227	0
302604.40400149627	4124062.1053681187	0
302604.4055705333	4124062.146492011	0
302604.4071395703	4124062.1876159026	0
302604.4087086073	4124062.228739795	0
302604.41027764435	4124062.2698636865	0
302604.4118466813	4124062.3109875787	0
302604.41341571836	4124062.3521114704	0
302604.4149847554	4124062.3932353626	0
302604.4165537924	4124062.4343592543	0
302604.4181228294	4124062.4754831465	0
302604.41969186644	4124062.516607038	0
302604.4212609035	4124062.5577309304	0
302604.4228299405	4124062.598854822	0
302604.4243989775	4124062.6399787143	0
302604.4259680145	4124062.681102606	0
302604.42753705155	4124062.722226498	0
302604.42910608853	4124062.76335039	0
302604.43067512556	4124062.804474282	0
302604.4322441626	4124062.845598174	0
302604.43381319963	4124062.886722066	0
302604.4353822366	4124062.9278459577	0
302604.43695127364	4124062.96896985	0
302604.4385203107	4124063.0100937416	0
302604.4400893477	4124063.0512176338	0
302604.4416583847	4124063.0923415255	0
302604.4432274217	4124063.1334654177	0
302604.44479645876	4124063.1745893094	0
302604.44636549574	4124063.2157132016	0
302604.44793453277	4124063.2568370933	0
302604.4495035698	4124063.2979609855	0
302604.45107260684	4124063.339084877	0
302604.4526416438	4124063.3802087693	0
302604.45421068085	4124063.421332661	0
302604.4557797179	4124063.4624565532	0
302604.45734875486	4124063.503580445	0
302604.4589177919	4124063.544704337	0
302604.46048682893	4124063.585828229	0
302604.46205586597	4124063.626952121	0
302604.46362490294	4124063.6680760127	0
302604.46519394	4124063.709199905	0
302604.466762977	4124063.7503237966	0
302604.46833201405	4124063.791447689	0
302604.469901051	4124063.8325715805	0
302604.47147008806	4124063.8736954727	0
302604.4730391251	4124063.9148193644	0
302604.47460816207	4124063.9559432566	0
302604.4761771991	4124063.9970671483	0
302604.47774623614	4124064.0381910405	0
302604.4793152732	4124064.079314932	0
302604.48088431015	4124064.1204388244	0
302604.4824533472	4124064.161562716	0
302604.4840223842	4124064.2026866083	0
302604.4855914212	4124064.2438105	0
302604.48716045823	4124064.284934392	0
302604.48872949526	4124064.326058284	0
302604.4902985323	4124064.367182176	0
302604.4918675693	4124064.408306068	0
302604.4934366063	4124064.44942996	0
302604.49500564334	4124064.4905538517	0
302604.4965746804	4124064.531677744	0
302604.49814371736	4124064.5728016356	0
302604.4997127544	4124064.613925528	0
302604.5012817914	4124064.6550494195	0
302604.5028508284	4124064.6961733117	0
302604.50441986544	4124064.7372972034	0
302604.50598890247	4124064.7784210956	0
302604.5075579395	4124064.8195449873	0
302604.5091269765	4124064.8606688795	0
302604.5106960135	4124064.901792771	0
302604.51226505055	4124064.9429166634	0
302604.5138340875	4124064.984040555	0
302604.51540312456	4124065.0251644473	0
302604.5169721616	4124065.066288339	0
302604.51854119863	4124065.107412231	0
302604.5201102356	4124065.148536123	0
302604.52167927264	4124065.189660015	0
302604.5232483097	4124065.2307839068	0
302604.5248173467	4124065.271907799	0
302604.5263863837	4124065.3130316907	0
302604.5279554207	4124065.354155583	0
302604.52952445776	4124065.3952794746	0
302604.53109349473	4124065.4364033667	0
302604.53266253177	4124065.4775272585	0
302604.5342315688	4124065.5186511506	0
302604.53580060584	4124065.5597750423	0
302604.5373696428	4124065.6008989345	0
302604.53893867985	4124065.6420228262	0
302604.5405077169	4124065.6831467184	0
302604.54207675386	4124065.72427061	0
302604.5436457909	4124065.7653945023	0
302604.54521482793	4124065.806518394	0
302604.54678386496	4124065.847642286	0
302604.54835290194	4124065.888766178	0
302604.549921939	4124065.92989007	0
302604.551490976	4124065.971013962	0
302604.55306001304	4124066.012137854	0
302604.55462905	4124066.0532617457	0
302604.55619808706	4124066.094385638	0
302604.5577671241	4124066.1355095296	0
302604.55933616107	4124066.176633422	0
302604.5609051981	4124066.2177573135	0
302604.56247423514	4124066.2588812057	0
302604.56404327217	4124066.3000050974	0
302604.56561230915	4124066.3411289896	0
302604.5671813462	4124066.3822528813	0
302604.5687503832	4124066.4233767735	0
302604.57031942025	4124066.464500665	0
302604.5718884572	4124066.5056245574	0
302604.57345749426	4124066.546748449	0
302604.5750265313	4124066.5878723413	0
302604.5765955683	4124066.628996233	0
302604.5781646053	4124066.670120125	0
302604.57973364234	4124066.711244017	0
302604.5813026794	4124066.752367909	0
302604.58287171635	4124066.793491801	0
302604.5844407534	4124066.834615693	0
302604.5860097904	4124066.8757395847	0
302604.5875788274	4124066.916863477	0
302604.58914786443	4124066.9579873686	0
302604.59071690147	4124066.9991112608	0
302604.5922859385	4124067.0402351525	0
302604.5938549755	4124067.0813590446	0
302604.5954240125	4124067.1224829364	0
302604.59699304955	4124067.1636068285	0
302604.5985620866	4124067.2047307203	0
302604.60013112356	4124067.2458546124	0
302604.6017001606	4124067.286978504	0
302604.6032691976	4124067.3281023963	0
302604.6048382346	4124067.369226288	0
302604.60640727164	4124067.41035018	0
302604.6079763087	4124067.451474072	0
302604.6095453457	4124067.4925979637	0
302604.6111143827	4124067.533721856	0
302604.6126834197	4124067.5748457476	0
302604.61425245675	4124067.6159696397	0
302604.61582149373	4124067.6570935315	0
302604.61739053077	4124067.6982174236	0
302604.6189595678	4124067.7393413153	0
302604.62052860484	4124067.7804652075	0
302604.6220976418	4124067.8215890992	0
302604.62366667885	4124067.8627129914	0
302604.6252357159	4124067.903836883	0
302604.6268047529	4124067.9449607753	0
302604.6283737899	4124067.986084667	0
302604.6299428269	4124068.027208559	0
302604.63151186396	4124068.068332451	0
302604.63308090094	4124068.109456343	0
302604.634649938	4124068.150580235	0
302604.636218975	4124068.191704127	0
302604.63778801204	4124068.2328280187	0
302604.639357049	4124068.273951911	0
302604.64092608605	4124068.3150758026	0
302604.6424951231	4124068.356199695	0
302604.64406416006	4124068.3973235865	0
302604.6456331971	4124068.4384474787	0
302604.64720223413	4124068.4795713704	0
302604.64877127117	4124068.5206952626	0
302604.65034030814	4124068.5618191543	0
302604.6519093452	4124068.6029430465	0
302604.6534783822	4124068.644066938	0
302604.65504741925	4124068.6851908304	0
302604.6566164562	4124068.726314722	0
302604.65818549326	4124068.7674386143	0
302604.6597545303	4124068.808562506	0
302604.66132356727	4124068.849686398	0
302604.6628926043	4124068.89081029	0
302604.66446164134	4124068.931934182	0
302604.6660306784	4124068.973058074	0
302604.66759971535	4124069.014181966	0
302604.6691687524	4124069.0553058577	0
302604.6707377894	4124069.09642975	0
302604.6723068264	4124069.1375536416	0
302604.67387586343	4124069.1786775338	0
302604.67544490047	4124069.2198014255	0
302604.6770139375	4124069.2609253176	0
302604.6785829745	4124069.3020492094	0
302604.6801520115	4124069.3431731015	0
302604.68172104855	4124069.3842969933	0
302604.6832900856	4124069.4254208854	0
302604.68485912256	4124069.466544777	0
302604.6864281596	4124069.5076686693	0
302604.6879971966	4124069.548792561	0
302604.6895662336	4124069.589916453	0
302604.69113527064	4124069.631040345	0
302604.6927043077	4124069.672164237	0
302604.6942733447	4124069.713288129	0
302604.6958423817	4124069.754412021	0
302604.6974114187	4124069.7955359127	0
302604.69898045575	4124069.836659805	0
302604.7005494928	4124069.8777836966	0
302604.70211852976	4124069.918907589	0
302604.7036875668	4124069.9600314805	0
302604.70525660383	4124070.0011553727	0
302604.7068256408	4124070.0422792644	0
302604.70839467784	4124070.0834031566	0
302604.7099637149	4124070.1245270483	0
302604.7115327519	4124070.1656509405	0
302604.7131017889	4124070.206774832	0
302604.7146708259	4124070.2478987244	0
302604.71623986296	4124070.289022616	0
302604.71780889994	4124070.3301465083	0
302604.71937793697	4124070.3712704	0
302604.720946974	4124070.412394292	0
302604.72251601104	4124070.453518184	0
302604.724085048	4124070.494642076	0
302604.72565408505	4124070.535765968	0
302604.7272231221	4124070.57688986	0
302604.7287921591	4124070.6180137517	0
302604.7303611961	4124070.659137644	0
302604.73193023313	4124070.7002615356	0
302604.73349927017	4124070.741385428	0
302604.73506830714	4124070.7825093195	0
302604.7366373442	4124070.8236332117	0
302604.7382063812	4124070.8647571034	0
302604.73977541825	4124070.9058809956	0
302604.7413444552	4124070.9470048873	0
302604.74291349226	4124070.9881287795	0
302604.7444825293	4124071.029252671	0
302604.74605156627	4124071.0703765634	0
302604.7476206033	4124071.111500455	0
302604.74918964034	4124071.1526243472	0
302604.7507586774	4124071.193748239	0
302604.75232771435	4124071.234872131	0
302604.7538967514	4124071.275996023	0
302604.7554657884	4124071.317119915	0
302604.75703482545	4124071.3582438068	0
302604.7586038624	4124071.399367699	0
302604.76017289946	4124071.4404915906	0
302604.7617419365	4124071.481615483	0
302604.7633109735	4124071.5227393745	0
302604.7648800105	4124071.5638632667	0
302604.76644904754	4124071.6049871584	0
302604.7680180846	4124071.6461110506	0
302604.76958712155	4124071.6872349423	0
302604.7711561586	4124071.7283588345	0
302604.7727251956	4124071.769482726	0
302604.7742942326	4124071.8106066184	0
302604.77586326964	4124071.85173051	0
302604.77743230667	4124071.8928544023	0
302604.7790013437	4124071.933978294	0
302604.7805703807	4124071.975102186	0
302604.7821394177	4124072.016226078	0
302604.78370845475	4124072.05734997	0
302604.7852774918	4124072.098473862	0
302604.78684652876	4124072.139597754	0
302604.7884155658	4124072.1807216457	0
302604.78998460283	4124072.221845538	0
302604.7915536398	4124072.2629694296	0
302604.79312267684	4124072.304093322	0
302604.7946917139	4124072.3452172135	0
302604.7962607509	4124072.3863411057	0
302604.7978297879	4124072.4274649974	0
302604.7993988249	4124072.4685888896	0
302604.80096786196	4124072.5097127813	0
302604.80253689893	4124072.5508366735	0
302604.80410593597	4124072.591960565	0
302604.805674973	4124072.6330844574	0
302604.80724401004	4124072.674208349	0
302604.808813047	4124072.7153322413	0
302604.81038208405	4124072.756456133	0
302604.8119511211	4124072.797580025	0
302604.8135201581	4124072.838703917	0
302604.8150891951	4124072.879827809	0
302604.8166582321	4124072.920951701	0
302604.81822726916	4124072.9620755925	0
302604.81979630614	4124073.0031994847	0
302604.8213653432	4124073.0443233764	0
302604.8229343802	4124073.0854472686	0
302604.82450341724	4124073.1265711603	0
302604.8260724542	4124073.1676950525	0
302604.82764149125	4124073.208818944	0
302604.8292105283	4124073.2499428364	0
302604.83077956527	4124073.291066728	0
302604.8323486023	4124073.3321906202	0
302604.83391763933	4124073.373314512	0
302604.83548667637	4124073.414438404	0
302604.83705571335	4124073.455562296	0
302604.8386247504	4124073.496686188	0
302604.8401937874	4124073.5378100798	0
302604.84176282445	4124073.578933972	0
302604.8433318614	4124073.6200578636	0
302604.84490089846	4124073.661181756	0
302604.8464699355	4124073.7023056475	0
302604.8480389725	4124073.7434295397	0
302604.8496080095	4124073.7845534314	0
302604.85117704654	4124073.8256773236	0
302604.8527460836	4124073.8668012153	0
302604.85431512055	4124073.9079251075	0
302604.8558841576	4124073.949048999	0
302604.8574531946	4124073.9901728914	0
302604.85902223166	4124074.031296783	0
302604.86059126863	4124074.0724206753	0
302604.86216030567	4124074.113544567	0
302604.8637293427	4124074.154668459	0
302604.8652983797	4124074.195792351	0
302604.8668674167	4124074.236916243	0
302604.86843645375	4124074.278040135	0
302604.8700054908	4124074.319164027	0
302604.87157452776	4124074.3602879187	0
302604.8731435648	4124074.401411811	0
302604.8747126018	4124074.4425357026	0
302604.8762816388	4124074.483659595	0
302604.87785067584	4124074.5247834865	0
302604.8794197129	4124074.5659073787	0
302604.8809887499	4124074.6070312704	0
302604.8825577869	4124074.6481551626	0
302604.8841268239	4124074.6892790543	0
302604.88569586095	4124074.7304029465	0
302604.887264898	4124074.771526838	0
302604.88883393497	4124074.8126507304	0
302604.890402972	4124074.853774622	0
302604.89197200903	4124074.8948985143	0
302604.893541046	4124074.936022406	0
302604.89511008305	4124074.977146298	0
302604.8966791201	4124075.01827019	0
302604.8982481571	4124075.059394082	0
302604.8998171941	4124075.100517974	0
302604.9013862311	4124075.141641866	0
302604.90295526816	4124075.1827657577	0
302604.90452430514	4124075.22388965	0
302604.9060933422	4124075.2650135416	0
302604.9076623792	4124075.3061374337	0
302604.90923141624	4124075.3472613255	0
302604.9108004532	4124075.3883852176	0
302604.91236949025	4124075.4295091094	0
302604.9139385273	4124075.4706330015	0
302604.9155075643	4124075.5117568932	0
302604.9170766013	4124075.5528807854	0
302604.91864563833	4124075.594004677	0
302604.92021467537	4124075.6351285693	0
302604.92178371234	4124075.676252461	0
302604.9233527494	4124075.717376353	0
302604.9249217864	4124075.758500245	0
302604.92649082345	4124075.799624137	0
302604.9280598604	4124075.840748029	0
302604.92962889746	4124075.881871921	0
302604.9311979345	4124075.9229958127	0
302604.93276697147	4124075.964119705	0
302604.9343360085	4124076.0052435966	0
302604.93590504554	4124076.046367489	0
302604.9374740826	4124076.0874913805	0
302604.93904311955	4124076.1286152727	0
302604.9406121566	4124076.1697391644	0
302604.9421811936	4124076.2108630566	0
302604.94375023065	4124076.2519869483	0
302604.94531926763	4124076.2931108405	0
302604.94688830466	4124076.334234732	0
302604.9484573417	4124076.3753586244	0
302604.9500263787	4124076.416482516	0
302604.9515954157	4124076.4576064083	0
302604.95316445275	4124076.4987303	0
302604.9547334898	4124076.539854192	0
302604.95630252676	4124076.580978084	0
302604.9578715638	4124076.622101976	0
302604.9594406008	4124076.663225868	0
302604.9610096378	4124076.70434976	0
302604.96257867484	4124076.7454736517	0
302604.9641477119	4124076.786597544	0
302604.9657167489	4124076.8277214356	0
302604.9672857859	4124076.8688453278	0
302604.9688548229	4124076.9099692195	0
302604.97042385995	4124076.9510931117	0
302604.971992897	4124076.9922170034	0
302604.97356193396	4124077.0333408955	0
302604.975130971	4124077.0744647873	0
302604.97670000803	4124077.1155886794	0
302604.978269045	4124077.156712571	0
302604.97983808204	4124077.1978364633	0
302604.9814071191	4124077.238960355	0
302604.9829761561	4124077.2800842472	0
302604.9845451931	4124077.321208139	0
302604.9861142301	4124077.362332031	0
302604.98768326716	4124077.403455923	0
302604.9892523042	4124077.444579815	0
302604.99082134117	4124077.4857037067	0
302604.9923903782	4124077.526827599	0
302604.99395941524	4124077.5679514906	0
302604.9955284522	4124077.609075383	0
302604.99709748925	4124077.6501992745	0
302604.9986665263	4124077.6913231667	0
302605.0002355633	4124077.7324470584	0
302605.0018046003	4124077.7735709506	0
302605.00337363733	4124077.8146948423	0
302605.00494267436	4124077.8558187345	0
302605.00651171134	4124077.896942626	0
302605.0080807484	4124077.9380665184	0
302605.0096497854	4124077.97919041	0
302605.01121882244	4124078.0203143023	0
302605.0127878594	4124078.061438194	0
302605.01435689646	4124078.102562086	0
302605.0159259335	4124078.143685978	0
302605.0174949705	4124078.18480987	0
302605.0190640075	4124078.225933762	0
302605.02063304454	4124078.267057654	0
302605.02220208157	4124078.3081815457	0
302605.02377111855	4124078.349305438	0
302605.0253401556	4124078.3904293296	0
302605.0269091926	4124078.431553222	0
302605.02847822965	4124078.4726771135	0
302605.0300472666	4124078.513801005	0
302605.03161630366	4124078.5549248974	0
302605.0331853407	4124078.596048789	0
302605.0347543777	4124078.6371726813	0
302605.0363234147	4124078.678296573	0
302605.03789245174	4124078.719420465	0
302605.0394614888	4124078.760544357	0
302605.04103052575	4124078.801668249	0
302605.0425995628	4124078.842792141	0
302605.0441685998	4124078.883916033	0
302605.04573763686	4124078.9250399247	0
302605.04730667383	4124078.966163817	0
302605.04887571087	4124079.0072877086	0
302605.0504447479	4124079.0484116008	0
302605.0520137849	4124079.0895354925	0
302605.0535828219	4124079.1306593847	0
302605.05515185895	4124079.1717832764	0
302605.056720896	4124079.2129071685	0
302605.05828993296	4124079.2540310603	0
302605.05985897	4124079.2951549524	0
302605.06142800703	4124079.336278844	0
302605.062997044	4124079.3774027363	0
302605.06456608104	4124079.418526628	0
302605.0661351181	4124079.4596505202	0
302605.0677041551	4124079.500774412	0
302605.0692731921	4124079.541898304	0
302605.0708422291	4124079.583022196	0
302605.07241126616	4124079.624146088	0
302605.0739803032	4124079.6652699797	0
302605.07554934017	4124079.706393872	0
302605.0771183772	4124079.7475177636	0
302605.07868741424	4124079.788641656	0
302605.0802564512	4124079.8297655475	0
302605.08182548825	4124079.8708894397	0
302605.0833945253	4124079.9120133314	0
302605.0849635623	4124079.9531372236	0
302605.0865325993	4124079.9942611153	0
302605.0881016363	4124080.0353850075	0
302605.08967067336	4124080.076508899	0
302605.09123971034	4124080.1176327914	0
302605.0928087474	4124080.158756683	0
302605.0943777844	4124080.1998805753	0
302605.09594682144	4124080.241004467	0
302605.0975158584	4124080.282128359	0
302605.09908489545	4124080.323252251	0
302605.1006539325	4124080.364376143	0
302605.1022229695	4124080.405500035	0
302605.1037920065	4124080.446623927	0
302605.10536104353	4124080.4877478187	0
302605.10693008057	4124080.528871711	0
302605.10849911754	4124080.5699956026	0
302605.1100681546	4124080.611119495	0
302605.1116371916	4124080.6522433865	0
302605.11320622865	4124080.6933672787	0
302605.1147752656	4124080.7344911704	0
302605.11634430266	4124080.7756150626	0
302605.1179133397	4124080.8167389543	0
302605.11948237673	4124080.8578628465	0
302605.1210514137	4124080.898986738	0
302605.12262045074	4124080.9401106304	0
302605.1241894878	4124080.981234522	0
302605.12575852475	4124081.0223584143	0
302605.1273275618	4124081.063482306	0
302605.1288965988	4124081.104606198	0
302605.13046563586	4124081.14573009	0
302605.13203467283	4124081.186853982	0
302605.13360370987	4124081.2279778738	0
302605.1351727469	4124081.269101766	0
302605.1367417839	4124081.3102256577	0
302605.1383108209	4124081.35134955	0
302605.13987985795	4124081.3924734415	0
302605.141448895	4124081.4335973337	0
302605.14301793196	4124081.4747212254	0
302605.144586969	4124081.5158451176	0
302605.146156006	4124081.5569690093	0
302605.14772504306	4124081.5980929015	0
302605.14929408004	4124081.6392167932	0
302605.1508631171	4124081.6803406854	0
302605.1524321541	4124081.721464577	0
302605.1540011911	4124081.7625884693	0
302605.1555702281	4124081.803712361	0
302605.15713926515	4124081.844836253	0
302605.1587083022	4124081.885960145	0
302605.16027733916	4124081.927084037	0
302605.1618463762	4124081.968207929	0
302605.16341541323	4124082.009331821	0
302605.1649844502	4124082.0504557127	0
302605.16655348724	4124082.091579605	0
302605.1681225243	4124082.1327034966	0
302605.1696915613	4124082.173827389	0
302605.1712605983	4124082.2149512805	0
302605.1728296353	4124082.2560751727	0
302605.17439867236	4124082.2971990644	0
302605.1759677094	4124082.3383229566	0
302605.17753674637	4124082.3794468483	0
302605.1791057834	4124082.4205707405	0
302605.18067482044	4124082.461694632	0
302605.1822438574	4124082.5028185244	0
302605.18381289445	4124082.543942416	0
302605.1853819315	4124082.5850663083	0
302605.1869509685	4124082.6261902	0
302605.1885200055	4124082.667314092	0
302605.19008904253	4124082.708437984	0
302605.19165807957	4124082.749561876	0
302605.19322711654	4124082.790685768	0
302605.1947961536	4124082.83180966	0
302605.1963651906	4124082.8729335517	0
302605.19793422765	4124082.914057444	0
302605.1995032646	4124082.9551813356	0
302605.20107230166	4124082.9963052277	0
302605.2026413387	4124083.0374291195	0
302605.2042103757	4124083.0785530116	0
302605.2057794127	4124083.1196769034	0
302605.20734844974	4124083.1608007955	0
302605.2089174868	4124083.2019246873	0
302605.21048652375	4124083.2430485794	0
302605.2120555608	4124083.284172471	0
302605.2136245978	4124083.3252963633	0
302605.21519363485	4124083.366420255	0
302605.21676267183	4124083.407544147	0
302605.21833170886	4124083.448668039	0
302605.2199007459	4124083.489791931	0
302605.2214697829	4124083.530915823	0
302605.2230388199	4124083.572039715	0
302605.22460785694	4124083.6131636067	0
302605.226176894	4124083.654287499	0
302605.22774593096	4124083.6954113906	0
302605.229314968	4124083.736535283	0
302605.230884005	4124083.7776591745	0
302605.23245304206	4124083.8187830667	0
302605.23402207904	4124083.8599069584	0
302605.23559111607	4124083.9010308506	0
302605.2371601531	4124083.9421547423	0
302605.2387291901	4124083.983278634	0
302605.2402982271	4124084.024402526	0
302605.24186726415	4124084.065526418	0
302605.2434363012	4124084.10665031	0
302605.24500533816	4124084.147774202	0
302605.2465743752	4124084.188898094	0
302605.24814341223	4124084.2300219857	0
302605.24971244927	4124084.271145878	0
302605.25128148624	4124084.3122697696	0
302605.2528505233	4124084.353393662	0
302605.2544195603	4124084.3945175535	0
302605.2559885973	4124084.4356414457	0
302605.2575576343	4124084.4767653374	0
302605.25912667136	4124084.5178892296	0
302605.2606957084	4124084.5590131213	0
302605.26226474537	4124084.6001370135	0
302605.2638337824	4124084.641260905	0
302605.26540281944	4124084.6823847974	0
302605.2669718564	4124084.723508689	0
302605.26854089345	4124084.7646325813	0
302605.2701099305	4124084.805756473	0
302605.2716789675	4124084.846880365	0
302605.2732480045	4124084.888004257	0
302605.2748170415	4124084.929128149	0
302605.27638607856	4124084.970252041	0
302605.2779551156	4124085.011375933	0
302605.2795241526	4124085.0524998247	0
302605.2810931896	4124085.093623717	0
302605.28266222664	4124085.1347476086	0
302605.2842312636	4124085.1758715007	0
302605.28580030065	4124085.2169953925	0
302605.2873693377	4124085.2581192846	0
302605.2889383747	4124085.2992431764	0
302605.2905074117	4124085.3403670685	0
302605.29207644874	4124085.3814909603	0
302605.29364548577	4124085.4226148524	0
302605.29521452275	4124085.463738744	0
302605.2967835598	4124085.5048626363	0
302605.2983525968	4124085.545986528	0
302605.29992163385	4124085.58711042	0
302605.3014906708	4124085.628234312	0
302605.30305970786	4124085.669358204	0
302605.3046287449	4124085.710482096	0
302605.30619778193	4124085.751605988	0
302605.3077668189	4124085.7927298797	0
302605.30933585594	4124085.833853772	0
302605.310904893	4124085.8749776636	0
302605.31247392995	4124085.916101556	0
302605.314042967	4124085.9572254475	0
302605.315612004	4124085.9983493397	0
302605.31718104106	4124086.0394732314	0
302605.31875007803	4124086.0805971236	0
302605.32031911507	4124086.1217210153	0
302605.3218881521	4124086.1628449075	0
302605.3234571891	4124086.203968799	0
302605.3250262261	4124086.2450926914	0
302605.32659526315	4124086.286216583	0
302605.3281643002	4124086.3273404753	0
302605.32973333716	4124086.368464367	0
302605.3313023742	4124086.409588259	0
302605.3328714112	4124086.450712151	0
302605.33444044826	4124086.491836043	0
302605.33600948524	4124086.532959935	0
302605.3375785223	4124086.574083827	0
302605.3391475593	4124086.6152077187	0
302605.3407165963	4124086.656331611	0
302605.3422856333	4124086.6974555026	0
302605.34385467035	4124086.7385793948	0
302605.3454237074	4124086.7797032865	0
302605.34699274437	4124086.8208271787	0
302605.3485617814	4124086.8619510704	0
302605.35013081843	4124086.9030749626	0
302605.3516998554	4124086.9441988543	0
302605.35326889245	4124086.9853227464	0
302605.3548379295	4124087.026446638	0
302605.3564069665	4124087.0675705303	0
302605.3579760035	4124087.108694422	0
302605.3595450405	4124087.1498183142	0
302605.36111407756	4124087.190942206	0
302605.3626831146	4124087.232066098	0
302605.3642521516	4124087.27318999	0
302605.3658211886	4124087.314313882	0
302605.36739022564	4124087.3554377737	0
302605.3689592626	4124087.396561666	0
302605.37052829965	4124087.4376855576	0
302605.3720973367	4124087.47880945	0
302605.3736663737	4124087.5199333415	0
302605.3752354107	4124087.5610572337	0
302605.37680444773	4124087.6021811254	0
302605.37837348477	4124087.6433050176	0
302605.37994252174	4124087.6844289093	0
302605.3815115588	4124087.7255528015	0
302605.3830805958	4124087.766676693	0
302605.38464963285	4124087.8078005854	0
302605.3862186698	4124087.848924477	0
302605.38778770686	4124087.8900483693	0
302605.3893567439	4124087.931172261	0
302605.3909257809	4124087.972296153	0
302605.3924948179	4124088.013420045	0
302605.39406385494	4124088.054543937	0
302605.395632892	4124088.095667829	0
302605.39720192895	4124088.136791721	0
302605.398770966	4124088.1779156127	0
302605.400340003	4124088.219039505	0
302605.40190904005	4124088.2601633966	0
302605.40347807703	4124088.301287289	0
302605.40504711407	4124088.3424111805	0
302605.4066161511	4124088.3835350727	0
302605.40818518813	4124088.4246589644	0
302605.4097542251	4124088.4657828566	0
302605.41132326215	4124088.5069067483	0
302605.4128922992	4124088.5480306405	0
302605.41446133616	4124088.589154532	0
302605.4160303732	4124088.6302784244	0
302605.4175994102	4124088.671402316	0
302605.41916844726	4124088.7125262083	0
302605.42073748424	4124088.7536501	0
302605.4223065213	4124088.794773992	0
302605.4238755583	4124088.835897884	0
302605.4254445953	4124088.877021776	0
302605.4270136323	4124088.9181456678	0
302605.42858266935	4124088.95926956	0
302605.4301517064	4124089.0003934517	0
302605.43172074336	4124089.041517344	0
302605.4332897804	4124089.0826412356	0
302605.43485881743	4124089.1237651277	0
302605.43642785447	4124089.1648890194	0
302605.43799689144	4124089.2060129116	0
302605.4395659285	4124089.2471368033	0
302605.4411349655	4124089.2882606955	0
302605.4427040025	4124089.3293845872	0
302605.4442730395	4124089.3705084794	0
302605.44584207656	4124089.411632371	0
302605.4474111136	4124089.452756263	0
302605.44898015057	4124089.493880155	0
302605.4505491876	4124089.5350040467	0
302605.45211822464	4124089.576127939	0
302605.4536872616	4124089.6172518306	0
302605.45525629865	4124089.658375723	0
302605.4568253357	4124089.6994996145	0
302605.4583943727	4124089.7406235067	0
302605.4599634097	4124089.7817473984	0
302605.46153244673	4124089.8228712906	0
302605.46310148377	4124089.8639951823	0
302605.4646705208	4124089.9051190745	0
302605.4662395578	4124089.946242966	0
302605.4678085948	4124089.9873668584	0
302605.46937763185	4124090.02849075	0
302605.4709466688	4124090.0696146423	0
302605.47251570586	4124090.110738534	0
302605.4740847429	4124090.151862426	0
302605.4756537799	4124090.192986318	0
302605.4772228169	4124090.23411021	0
302605.47879185394	4124090.275234102	0
302605.480360891	4124090.316357994	0
302605.48192992795	4124090.3574818857	0
302605.483498965	4124090.398605778	0
302605.485068002	4124090.4397296696	0
302605.48663703905	4124090.480853562	0
302605.488206076	4124090.5219774535	0
302605.48977511306	4124090.5631013457	0
302605.4913441501	4124090.6042252374	0
302605.49291318713	4124090.6453491296	0
302605.4944822241	4124090.6864730213	0
302605.49605126114	4124090.7275969135	0
302605.4976202982	4124090.768720805	0
302605.49918933515	4124090.8098446974	0
302605.5007583722	4124090.850968589	0
302605.5023274092	4124090.8920924813	0
302605.50389644626	4124090.933216373	0
302605.50546548323	4124090.974340265	0
302605.50703452027	4124091.015464157	0
302605.5086035573	4124091.056588049	0
302605.5101725943	4124091.0977119408	0
302605.5117416313	4124091.138835833	0
302605.51331066835	4124091.1799597247	0
302605.5148797054	4124091.221083617	0
302605.51644874236	4124091.2622075086	0
302605.5180177794	4124091.3033314007	0
302605.51958681643	4124091.3444552924	0
302605.52115585346	4124091.3855791846	0
302605.52272489044	4124091.4267030763	0
302605.5242939275	4124091.4678269685	0
302605.5258629645	4124091.5089508602	0
302605.5274320015	4124091.5500747524	0
302605.5290010385	4124091.591198644	0
302605.53057007556	4124091.6323225363	0
302605.5321391126	4124091.673446428	0
302605.53370814957	4124091.71457032	0
302605.5352771866	4124091.755694212	0
302605.53684622364	4124091.796818104	0
302605.5384152607	4124091.837941996	0
302605.53998429765	4124091.879065888	0
302605.5415533347	4124091.9201897797	0
302605.5431223717	4124091.961313672	0
302605.5446914087	4124092.0024375636	0
302605.5462604457	4124092.043561456	0
302605.54782948276	4124092.0846853475	0
302605.5493985198	4124092.1258092397	0
302605.5509675568	4124092.1669331314	0
302605.5525365938	4124092.2080570236	0
302605.55410563084	4124092.2491809153	0
302605.5556746678	4124092.2903048075	0
302605.55724370485	4124092.331428699	0
302605.5588127419	4124092.3725525914	0
302605.5603817789	4124092.413676483	0
302605.5619508159	4124092.4548003753	0
302605.56351985293	4124092.495924267	0
302605.56508888997	4124092.537048159	0
302605.566657927	4124092.578172051	0
302605.568226964	4124092.619295943	0
302605.569796001	4124092.660419835	0
302605.57136503805	4124092.701543727	0
302605.572934075	4124092.7426676187	0
302605.57450311206	4124092.783791511	0
302605.5760721491	4124092.8249154026	0
302605.57764118613	4124092.8660392947	0
302605.5792102231	4124092.9071631865	0
302605.58077926014	4124092.9482870786	0
302605.5823482972	4124092.9894109704	0
302605.58391733415	4124093.0305348625	0
302605.5854863712	4124093.0716587543	0
302605.5870554082	4124093.1127826464	0
302605.58862444526	4124093.153906538	0
302605.59019348223	4124093.1950304303	0
302605.59176251927	4124093.236154322	0
302605.5933315563	4124093.277278214	0
302605.59490059334	4124093.318402106	0
302605.5964696303	4124093.359525998	0
302605.59803866735	4124093.40064989	0
302605.5996077044	4124093.441773782	0
302605.60117674136	4124093.4828976737	0
302605.6027457784	4124093.524021566	0
302605.6043148154	4124093.5651454576	0
302605.60588385246	4124093.60626935	0
302605.60745288944	4124093.6473932415	0
302605.6090219265	4124093.6885171337	0
302605.6105909635	4124093.7296410254	0
302605.6121600005	4124093.7707649176	0
302605.6137290375	4124093.8118888093	0
302605.61529807455	4124093.8530127015	0
302605.6168671116	4124093.894136593	0
302605.61843614856	4124093.9352604854	0
302605.6200051856	4124093.976384377	0
302605.62157422263	4124094.0175082693	0
302605.62314325967	4124094.058632161	0
302605.62471229665	4124094.099756053	0
302605.6262813337	4124094.140879945	0
302605.6278503707	4124094.182003837	0
302605.6294194077	4124094.223127729	0
302605.6309884447	4124094.264251621	0
302605.63255748176	4124094.3053755127	0
302605.6341265188	4124094.346499405	0
302605.6356955558	4124094.3876232966	0
302605.6372645928	4124094.4287471888	0
302605.63883362984	4124094.4698710805	0
302605.6404026668	4124094.5109949727	0
302605.64197170385	4124094.5521188644	0
302605.6435407409	4124094.5932427566	0
302605.6451097779	4124094.6343666483	0
302605.6466788149	4124094.6754905405	0
302605.64824785193	4124094.716614432	0
302605.64981688897	4124094.7577383243	0
302605.651385926	4124094.798862216	0
302605.652954963	4124094.8399861082	0
302605.654524	4124094.88111	0
