298373.84682286135	4137733.097082545	0
298373.8502899152	4137733.1016173717	0
298373.8537569691	4137733.1061521983	0
298373.8572240229	4137733.110687025	0
298373.8606910768	4137733.1152218515	0
298373.86415813066	4137733.119756678	0
298373.86762518453	4137733.1242915047	0
298373.8710922384	4137733.1288263313	0
298373.8745592922	4137733.133361158	0
298373.8780263461	4137733.1378959846	0
298373.88149339997	4137733.142430811	0
298373.88496045384	4137733.146965638	0
298373.8884275077	4137733.1515004644	0
298373.89189456153	4137733.156035291	0
298373.8953616154	4137733.1605701176	0
298373.8988286693	4137733.1651049443	0
298373.90229572315	4137733.1696397704	0
298373.90576277697	4137733.174174597	0
298373.90922983084	4137733.1787094236	0
298373.9126968847	4137733.1832442502	0
298373.9161639386	4137733.187779077	0
298373.91963099246	4137733.1923139035	0
298373.9230980463	4137733.19684873	0
298373.92656510015	4137733.2013835567	0
298373.930032154	4137733.2059183833	0
298373.9334992079	4137733.21045321	0
298373.93696626177	4137733.2149880365	0
298373.9404333156	4137733.219522863	0
298373.94390036946	4137733.22405769	0
298373.94736742333	4137733.2285925164	0
298373.9508344772	4137733.233127343	0
298373.9543015311	4137733.2376621696	0
298373.9577685849	4137733.242196996	0
298373.96123563877	4137733.246731823	0
298373.96470269264	4137733.2512666495	0
298373.9681697465	4137733.255801476	0
298373.9716368004	4137733.2603363027	0
298373.9751038542	4137733.2648711293	0
298373.9785709081	4137733.269405956	0
298373.98203796195	4137733.2739407825	0
298373.9855050158	4137733.278475609	0
298373.9889720697	4137733.2830104358	0
298373.9924391235	4137733.2875452624	0
298373.9959061774	4137733.292080089	0
298373.99937323126	4137733.2966149156	0
298374.00284028513	4137733.301149742	0
298374.00630733895	4137733.305684569	0
298374.0097743928	4137733.310219395	0
298374.0132414467	4137733.3147542216	0
298374.01670850057	4137733.319289048	0
298374.02017555444	4137733.323823875	0
298374.02364260826	4137733.3283587014	0
298374.0271096621	4137733.332893528	0
298374.030576716	4137733.3374283547	0
298374.0340437699	4137733.3419631813	0
298374.03751082375	4137733.346498008	0
298374.04097787756	4137733.3510328345	0
298374.04444493144	4137733.355567661	0
298374.0479119853	4137733.3601024877	0
298374.0513790392	4137733.3646373143	0
298374.05484609306	4137733.369172141	0
298374.0583131469	4137733.3737069676	0
298374.06178020075	4137733.378241794	0
298374.0652472546	4137733.382776621	0
298374.0687143085	4137733.3873114474	0
298374.07218136237	4137733.391846274	0
298374.0756484162	4137733.3963811006	0
298374.07911547006	4137733.4009159273	0
298374.08258252393	4137733.405450754	0
298374.0860495778	4137733.4099855805	0
298374.0895166317	4137733.414520407	0
298374.0929836855	4137733.4190552337	0
298374.09645073937	4137733.4235900603	0
298374.09991779324	4137733.428124887	0
298374.1033848471	4137733.4326597136	0
298374.106851901	4137733.43719454	0
298374.1103189548	4137733.441729367	0
298374.1137860087	4137733.4462641934	0
298374.11725306255	4137733.45079902	0
298374.1207201164	4137733.455333846	0
298374.12418717024	4137733.459868673	0
298374.1276542241	4137733.4644034994	0
298374.131121278	4137733.468938326	0
298374.13458833186	4137733.4734731526	0
298374.13805538573	4137733.478007979	0
298374.14152243955	4137733.482542806	0
298374.1449894934	4137733.4870776325	0
298374.1484565473	4137733.491612459	0
298374.15192360117	4137733.4961472857	0
298374.15539065504	4137733.5006821123	0
298374.15885770886	4137733.505216939	0
298374.1623247627	4137733.5097517655	0
298374.1657918166	4137733.514286592	0
298374.1692588705	4137733.5188214188	0
298374.17272592435	4137733.5233562454	0
298374.17619297816	4137733.527891072	0
298374.17966003204	4137733.5324258986	0
298374.1831270859	4137733.536960725	0
298374.1865941398	4137733.541495552	0
298374.19006119366	4137733.5460303784	0
298374.1935282475	4137733.550565205	0
298374.19699530135	4137733.5551000317	0
298374.2004623552	4137733.5596348583	0
298374.2039294091	4137733.564169685	0
298374.20739646297	4137733.5687045115	0
298374.2108635168	4137733.573239338	0
298374.21433057066	4137733.5777741647	0
298374.21779762453	4137733.5823089913	0
298374.2212646784	4137733.586843818	0
298374.2247317322	4137733.5913786446	0
298374.2281987861	4137733.5959134707	0
298374.23166583996	4137733.6004482973	0
298374.23513289384	4137733.604983124	0
298374.2385999477	4137733.6095179506	0
298374.2420670015	4137733.614052777	0
298374.2455340554	4137733.618587604	0
298374.2490011093	4137733.6231224304	0
298374.25246816315	4137733.627657257	0
298374.255935217	4137733.6321920836	0
298374.25940227084	4137733.6367269102	0
298374.2628693247	4137733.641261737	0
298374.2663363786	4137733.6457965635	0
298374.26980343246	4137733.65033139	0
298374.27327048633	4137733.6548662167	0
298374.27673754015	4137733.6594010433	0
298374.280204594	4137733.66393587	0
298374.2836716479	4137733.6684706965	0
298374.28713870177	4137733.673005523	0
298374.29060575564	4137733.67754035	0
298374.29407280945	4137733.6820751764	0
298374.2975398633	4137733.686610003	0
298374.3010069172	4137733.6911448296	0
298374.3044739711	4137733.695679656	0
298374.30794102495	4137733.700214483	0
298374.31140807876	4137733.7047493095	0
298374.31487513264	4137733.709284136	0
298374.3183421865	4137733.7138189627	0
298374.3218092404	4137733.7183537893	0
298374.3252762942	4137733.722888616	0
298374.3287433481	4137733.7274234425	0
298374.33221040195	4137733.731958269	0
298374.3356774558	4137733.7364930953	0
298374.3391445097	4137733.741027922	0
298374.3426115635	4137733.7455627485	0
298374.3460786174	4137733.750097575	0
298374.34954567126	4137733.7546324017	0
298374.3530127251	4137733.7591672284	0
298374.356479779	4137733.763702055	0
298374.3599468328	4137733.7682368816	0
298374.3634138867	4137733.772771708	0
298374.36688094056	4137733.777306535	0
298374.37034799444	4137733.7818413614	0
298374.3738150483	4137733.786376188	0
298374.3772821021	4137733.7909110147	0
298374.380749156	4137733.7954458413	0
298374.3842162099	4137733.799980668	0
298374.38768326375	4137733.8045154945	0
298374.3911503176	4137733.809050321	0
298374.39461737144	4137733.8135851477	0
298374.3980844253	4137733.8181199743	0
298374.4015514792	4137733.822654801	0
298374.40501853306	4137733.8271896276	0
298374.40848558693	4137733.831724454	0
298374.41195264074	4137733.836259281	0
298374.4154196946	4137733.8407941074	0
298374.4188867485	4137733.845328934	0
298374.42235380237	4137733.8498637606	0
298374.4258208562	4137733.8543985873	0
298374.42928791005	4137733.858933414	0
298374.4327549639	4137733.8634682405	0
298374.4362220178	4137733.868003067	0
298374.4396890717	4137733.8725378937	0
298374.4431561255	4137733.87707272	0
298374.44662317936	4137733.8816075465	0
298374.45009023324	4137733.886142373	0
298374.4535572871	4137733.8906771997	0
298374.457024341	4137733.8952120263	0
298374.4604913948	4137733.899746853	0
298374.4639584487	4137733.9042816795	0
298374.46742550255	4137733.908816506	0
298374.4708925564	4137733.913351333	0
298374.4743596103	4137733.9178861594	0
298374.4778266641	4137733.922420986	0
298374.481293718	4137733.9269558126	0
298374.48476077185	4137733.931490639	0
298374.4882278257	4137733.936025466	0
298374.4916948796	4137733.9405602925	0
298374.4951619334	4137733.945095119	0
298374.4986289873	4137733.9496299457	0
298374.50209604116	4137733.9541647723	0
298374.50556309504	4137733.958699599	0
298374.5090301489	4137733.9632344255	0
298374.5124972027	4137733.967769252	0
298374.5159642566	4137733.9723040788	0
298374.5194313105	4137733.9768389054	0
298374.52289836435	4137733.981373732	0
298374.5263654182	4137733.9859085586	0
298374.52983247204	4137733.990443385	0
298374.5332995259	4137733.994978212	0
298374.5367665798	4137733.9995130384	0
298374.54023363366	4137734.004047865	0
298374.54370068747	4137734.0085826917	0
298374.54716774134	4137734.0131175183	0
298374.5506347952	4137734.017652345	0
298374.5541018491	4137734.022187171	0
298374.55756890296	4137734.0267219977	0
298374.5610359568	4137734.0312568243	0
298374.56450301065	4137734.035791651	0
298374.5679700645	4137734.0403264775	0
298374.5714371184	4137734.044861304	0
298374.5749041723	4137734.0493961307	0
298374.5783712261	4137734.0539309573	0
298374.58183827996	4137734.058465784	0
298374.58530533384	4137734.0630006106	0
298374.5887723877	4137734.067535437	0
298374.5922394416	4137734.072070264	0
298374.5957064954	4137734.0766050904	0
298374.5991735493	4137734.081139917	0
298374.60264060315	4137734.0856747436	0
298374.606107657	4137734.0902095702	0
298374.6095747109	4137734.094744397	0
298374.6130417647	4137734.0992792235	0
298374.6165088186	4137734.10381405	0
298374.61997587245	4137734.1083488767	0
298374.6234429263	4137734.1128837033	0
298374.6269099802	4137734.11741853	0
298374.630377034	4137734.1219533565	0
298374.6338440879	4137734.126488183	0
298374.63731114176	4137734.13102301	0
298374.64077819564	4137734.1355578364	0
298374.64424524945	4137734.140092663	0
298374.6477123033	4137734.1446274896	0
298374.6511793572	4137734.149162316	0
298374.6546464111	4137734.153697143	0
298374.65811346495	4137734.1582319695	0
298374.66158051876	4137734.1627667956	0
298374.66504757263	4137734.167301622	0
298374.6685146265	4137734.171836449	0
298374.6719816804	4137734.1763712754	0
298374.67544873426	4137734.180906102	0
298374.67891578807	4137734.1854409287	0
298374.68238284194	4137734.1899757553	0
298374.6858498958	4137734.194510582	0
298374.6893169497	4137734.1990454085	0
298374.69278400356	4137734.203580235	0
298374.6962510574	4137734.2081150617	0
298374.69971811125	4137734.2126498884	0
298374.7031851651	4137734.217184715	0
298374.706652219	4137734.2217195416	0
298374.7101192729	4137734.226254368	0
298374.7135863267	4137734.230789195	0
298374.71705338056	4137734.2353240214	0
298374.72052043444	4137734.239858848	0
298374.7239874883	4137734.2443936747	0
298374.7274545422	4137734.2489285013	0
298374.730921596	4137734.253463328	0
298374.7343886499	4137734.2579981545	0
298374.73785570374	4137734.262532981	0
298374.7413227576	4137734.2670678077	0
298374.74478981143	4137734.2716026343	0
298374.7482568653	4137734.276137461	0
298374.7517239192	4137734.2806722876	0
298374.75519097305	4137734.285207114	0
298374.7586580269	4137734.289741941	0
298374.76212508074	4137734.2942767674	0
298374.7655921346	4137734.298811594	0
298374.7690591885	4137734.30334642	0
298374.77252624236	4137734.307881247	0
298374.77599329624	4137734.3124160734	0
298374.77946035005	4137734.3169509	0
298374.7829274039	4137734.3214857266	0
298374.7863944578	4137734.3260205532	0
298374.7898615117	4137734.33055538	0
298374.79332856555	4137734.3350902065	0
298374.79679561936	4137734.339625033	0
298374.80026267323	4137734.3441598597	0
298374.8037297271	4137734.3486946863	0
298374.807196781	4137734.353229513	0
298374.81066383485	4137734.3577643395	0
298374.81413088867	4137734.362299166	0
298374.81759794254	4137734.366833993	0
298374.8210649964	4137734.3713688194	0
298374.8245320503	4137734.375903646	0
298374.82799910416	4137734.3804384726	0
298374.831466158	4137734.384973299	0
298374.83493321185	4137734.389508126	0
298374.8384002657	4137734.3940429525	0
298374.8418673196	4137734.398577779	0
298374.8453343734	4137734.4031126057	0
298374.8488014273	4137734.4076474323	0
298374.85226848116	4137734.412182259	0
298374.85573553503	4137734.4167170855	0
298374.8592025889	4137734.421251912	0
298374.8626696427	4137734.4257867387	0
298374.8661366966	4137734.4303215654	0
298374.86960375047	4137734.434856392	0
298374.87307080434	4137734.4393912186	0
298374.8765378582	4137734.4439260447	0
298374.88000491203	4137734.4484608714	0
298374.8834719659	4137734.452995698	0
298374.8869390198	4137734.4575305246	0
298374.89040607365	4137734.462065351	0
298374.8938731275	4137734.466600178	0
298374.89734018134	4137734.4711350044	0
298374.9008072352	4137734.475669831	0
298374.9042742891	4137734.4802046577	0
298374.90774134296	4137734.4847394843	0
298374.91120839684	4137734.489274311	0
298374.91467545065	4137734.4938091375	0
298374.9181425045	4137734.498343964	0
298374.9216095584	4137734.5028787907	0
298374.9250766123	4137734.5074136173	0
298374.92854366614	4137734.511948444	0
298374.93201071996	4137734.5164832706	0
298374.93547777383	4137734.521018097	0
298374.9389448277	4137734.525552924	0
298374.9424118816	4137734.5300877504	0
298374.94587893545	4137734.534622577	0
298374.94934598927	4137734.5391574036	0
298374.95281304314	4137734.5436922302	0
298374.956280097	4137734.548227057	0
298374.9597471509	4137734.5527618835	0
298374.9632142047	4137734.55729671	0
298374.9666812586	4137734.5618315367	0
298374.97014831245	4137734.5663663633	0
298374.9736153663	4137734.57090119	0
298374.9770824202	4137734.5754360165	0
298374.980549474	4137734.579970843	0
298374.9840165279	4137734.5845056693	0
298374.98748358176	4137734.589040496	0
298374.99095063563	4137734.5935753225	0
298374.9944176895	4137734.598110149	0
298374.9978847433	4137734.6026449758	0
298375.0013517972	4137734.6071798024	0
298375.00481885107	4137734.611714629	0
298375.00828590494	4137734.6162494556	0
298375.0117529588	4137734.620784282	0
298375.01522001263	4137734.625319109	0
298375.0186870665	4137734.6298539354	0
298375.0221541204	4137734.634388762	0
298375.02562117425	4137734.6389235887	0
298375.0290882281	4137734.6434584153	0
298375.03255528194	4137734.647993242	0
298375.0360223358	4137734.6525280685	0
298375.0394893897	4137734.657062895	0
298375.04295644356	4137734.6615977217	0
298375.04642349744	4137734.6661325484	0
298375.04989055125	4137734.670667375	0
298375.0533576051	4137734.6752022016	0
298375.056824659	4137734.679737028	0
298375.06029171287	4137734.684271855	0
298375.0637587667	4137734.6888066814	0
298375.06722582056	4137734.693341508	0
298375.07069287443	4137734.6978763347	0
298375.0741599283	4137734.7024111613	0
298375.0776269822	4137734.706945988	0
298375.081094036	4137734.7114808145	0
298375.08456108987	4137734.716015641	0
298375.08802814374	4137734.7205504677	0
298375.0914951976	4137734.7250852943	0
298375.0949622515	4137734.7296201205	0
298375.0984293053	4137734.734154947	0
298375.1018963592	4137734.7386897737	0
298375.10536341305	4137734.7432246003	0
298375.1088304669	4137734.747759427	0
298375.1122975208	4137734.7522942536	0
298375.1157645746	4137734.75682908	0
298375.1192316285	4137734.761363907	0
298375.12269868236	4137734.7658987334	0
298375.12616573623	4137734.77043356	0
298375.1296327901	4137734.7749683866	0
298375.1330998439	4137734.7795032132	0
298375.1365668978	4137734.78403804	0
298375.14003395167	4137734.7885728665	0
298375.14350100554	4137734.793107693	0
298375.1469680594	4137734.7976425197	0
298375.15043511323	4137734.8021773463	0
298375.1539021671	4137734.806712173	0
298375.157369221	4137734.8112469995	0
298375.16083627485	4137734.815781826	0
298375.16430332867	4137734.820316653	0
298375.16777038254	4137734.8248514794	0
298375.1712374364	4137734.829386306	0
298375.1747044903	4137734.8339211326	0
298375.17817154416	4137734.838455959	0
298375.181638598	4137734.842990786	0
298375.18510565185	4137734.8475256125	0
298375.1885727057	4137734.852060439	0
298375.1920397596	4137734.8565952657	0
298375.19550681347	4137734.8611300923	0
298375.1989738673	4137734.865664919	0
298375.20244092116	4137734.870199745	0
298375.20590797503	4137734.8747345717	0
298375.2093750289	4137734.8792693983	0
298375.2128420828	4137734.883804225	0
298375.2163091366	4137734.8883390515	0
298375.21977619047	4137734.892873878	0
298375.22324324434	4137734.8974087047	0
298375.2267102982	4137734.9019435314	0
298375.2301773521	4137734.906478358	0
298375.2336444059	4137734.9110131846	0
298375.2371114598	4137734.915548011	0
298375.24057851365	4137734.920082838	0
298375.2440455675	4137734.9246176644	0
298375.2475126214	4137734.929152491	0
298375.2509796752	4137734.9336873177	0
298375.2544467291	4137734.9382221443	0
298375.25791378296	4137734.942756971	0
298375.26138083683	4137734.9472917975	0
298375.26484789065	4137734.951826624	0
298375.2683149445	4137734.9563614507	0
298375.2717819984	4137734.9608962773	0
298375.27524905227	4137734.965431104	0
298375.27871610614	4137734.9699659306	0
298375.28218315996	4137734.974500757	0
298375.28565021383	4137734.979035584	0
298375.2891172677	4137734.9835704104	0
298375.2925843216	4137734.988105237	0
298375.29605137545	4137734.9926400636	0
298375.29951842927	4137734.9971748902	0
298375.30298548314	4137735.001709717	0
298375.306452537	4137735.0062445435	0
298375.3099195909	4137735.0107793696	0
298375.31338664476	4137735.0153141962	0
298375.3168536986	4137735.019849023	0
298375.32032075245	4137735.0243838495	0
298375.3237878063	4137735.028918676	0
298375.3272548602	4137735.0334535027	0
298375.33072191407	4137735.0379883293	0
298375.3341889679	4137735.042523156	0
298375.33765602176	4137735.0470579825	0
298375.34112307563	4137735.051592809	0
298375.3445901295	4137735.0561276358	0
298375.3480571834	4137735.0606624624	0
298375.3515242372	4137735.065197289	0
298375.35499129107	4137735.0697321156	0
298375.35845834494	4137735.074266942	0
298375.3619253988	4137735.078801769	0
298375.3653924527	4137735.0833365954	0
298375.3688595065	4137735.087871422	0
298375.3723265604	4137735.0924062487	0
298375.37579361425	4137735.0969410753	0
298375.3792606681	4137735.101475902	0
298375.38272772194	4137735.1060107285	0
298375.3861947758	4137735.110545555	0
298375.3896618297	4137735.1150803817	0
298375.39312888356	4137735.1196152084	0
298375.39659593743	4137735.124150035	0
298375.40006299125	4137735.1286848616	0
298375.4035300451	4137735.133219688	0
298375.406997099	4137735.137754515	0
298375.41046415287	4137735.1422893414	0
298375.41393120674	4137735.146824168	0
298375.41739826056	4137735.151358994	0
298375.42086531443	4137735.155893821	0
298375.4243323683	4137735.1604286474	0
298375.4277994222	4137735.164963474	0
298375.43126647605	4137735.1694983006	0
298375.43473352987	4137735.1740331273	0
298375.43820058374	4137735.178567954	0
298375.4416676376	4137735.1831027805	0
298375.4451346915	4137735.187637607	0
298375.44860174536	4137735.1921724337	0
298375.4520687992	4137735.1967072603	0
298375.45553585305	4137735.201242087	0
298375.4590029069	4137735.2057769136	0
298375.4624699608	4137735.21031174	0
298375.46593701467	4137735.214846567	0
298375.4694040685	4137735.2193813934	0
298375.47287112236	4137735.22391622	0
298375.47633817623	4137735.2284510466	0
298375.4798052301	4137735.2329858732	0
298375.4832722839	4137735.2375207	0
298375.4867393378	4137735.2420555265	0
298375.49020639167	4137735.246590353	0
298375.49367344554	4137735.2511251797	0
298375.4971404994	4137735.2556600063	0
298375.50060755323	4137735.260194833	0
298375.5040746071	4137735.2647296595	0
298375.507541661	4137735.269264486	0
298375.51100871485	4137735.2737993128	0
298375.5144757687	4137735.2783341394	0
298375.51794282254	4137735.282868966	0
298375.5214098764	4137735.2874037926	0
298375.5248769303	4137735.291938619	0
298375.52834398416	4137735.2964734454	0
298375.53181103803	4137735.301008272	0
298375.53527809185	4137735.3055430986	0
298375.5387451457	4137735.310077925	0
298375.5422121996	4137735.314612752	0
298375.54567925347	4137735.3191475784	0
298375.54914630734	4137735.323682405	0
298375.55261336116	4137735.3282172317	0
298375.55608041503	4137735.3327520583	0
298375.5595474689	4137735.337286885	0
298375.5630145228	4137735.3418217115	0
298375.56648157665	4137735.346356538	0
298375.56994863047	4137735.3508913647	0
298375.57341568434	4137735.3554261914	0
298375.5768827382	4137735.359961018	0
298375.5803497921	4137735.3644958446	0
298375.5838168459	4137735.369030671	0
298375.5872838998	4137735.373565498	0
298375.59075095365	4137735.3781003244	0
298375.5942180075	4137735.382635151	0
298375.5976850614	4137735.3871699777	0
298375.6011521152	4137735.3917048043	0
298375.6046191691	4137735.396239631	0
298375.60808622296	4137735.4007744575	0
298375.61155327683	4137735.405309284	0
298375.6150203307	4137735.4098441107	0
298375.6184873845	4137735.4143789373	0
298375.6219544384	4137735.418913764	0
298375.62542149227	4137735.4234485906	0
298375.62888854614	4137735.427983417	0
298375.6323556	4137735.432518244	0
298375.6358226538	4137735.43705307	0
298375.6392897077	4137735.4415878966	0
298375.6427567616	4137735.446122723	0
298375.64622381545	4137735.45065755	0
298375.6496908693	4137735.4551923764	0
298375.65315792314	4137735.459727203	0
298375.656624977	4137735.4642620296	0
298375.6600920309	4137735.4687968562	0
298375.66355908476	4137735.473331683	0
298375.66702613863	4137735.4778665095	0
298375.67049319245	4137735.482401336	0
298375.6739602463	4137735.4869361627	0
298375.6774273002	4137735.4914709893	0
298375.68089435407	4137735.496005816	0
298375.68436140794	4137735.5005406425	0
298375.68782846176	4137735.505075469	0
298375.69129551563	4137735.5096102958	0
298375.6947625695	4137735.5141451224	0
298375.6982296234	4137735.518679949	0
298375.7016966772	4137735.5232147756	0
298375.70516373107	4137735.527749602	0
298375.70863078494	4137735.532284429	0
298375.7120978388	4137735.5368192554	0
298375.7155648927	4137735.541354082	0
298375.7190319465	4137735.5458889087	0
298375.7224990004	4137735.5504237353	0
298375.72596605425	4137735.554958562	0
298375.7294331081	4137735.5594933885	0
298375.732900162	4137735.564028215	0
298375.7363672158	4137735.5685630417	0
298375.7398342697	4137735.5730978684	0
298375.74330132356	4137735.5776326945	0
298375.74676837743	4137735.582167521	0
298375.7502354313	4137735.5867023477	0
298375.7537024851	4137735.5912371743	0
298375.757169539	4137735.595772001	0
298375.76063659287	4137735.6003068276	0
298375.76410364674	4137735.604841654	0
298375.7675707006	4137735.609376481	0
298375.7710377544	4137735.6139113074	0
298375.7745048083	4137735.618446134	0
298375.7779718622	4137735.6229809606	0
298375.78143891605	4137735.6275157873	0
298375.7849059699	4137735.632050614	0
298375.78837302374	4137735.6365854405	0
298375.7918400776	4137735.641120267	0
298375.7953071315	4137735.6456550937	0
298375.79877418536	4137735.6501899203	0
298375.8022412392	4137735.654724747	0
298375.80570829305	4137735.6592595736	0
298375.8091753469	4137735.6637944	0
298375.8126424008	4137735.668329227	0
298375.81610945467	4137735.6728640534	0
298375.8195765085	4137735.67739888	0
298375.82304356236	4137735.6819337066	0
298375.8265106162	4137735.6864685332	0
298375.8299776701	4137735.69100336	0
298375.833444724	4137735.6955381865	0
298375.8369117778	4137735.700073013	0
298375.84037883166	4137735.7046078397	0
298375.84384588554	4137735.7091426663	0
298375.8473129394	4137735.713677493	0
298375.8507799933	4137735.718212319	0
298375.8542470471	4137735.7227471457	0
298375.857714101	4137735.7272819723	0
298375.86118115485	4137735.731816799	0
298375.8646482087	4137735.7363516255	0
298375.8681152626	4137735.740886452	0
298375.8715823164	4137735.7454212788	0
298375.8750493703	4137735.7499561054	0
298375.87851642416	4137735.754490932	0
298375.88198347803	4137735.7590257586	0
298375.8854505319	4137735.763560585	0
298375.8889175857	4137735.768095412	0
298375.8923846396	4137735.7726302384	0
298375.89585169347	4137735.777165065	0
298375.89931874734	4137735.7816998917	0
298375.90278580115	4137735.7862347183	0
298375.906252855	4137735.790769545	0
298375.9097199089	4137735.7953043715	0
298375.9131869628	4137735.799839198	0
298375.91665401665	4137735.8043740247	0
298375.92012107046	4137735.8089088514	0
298375.92358812434	4137735.813443678	0
298375.9270551782	4137735.8179785046	0
298375.9305222321	4137735.822513331	0
298375.93398928596	4137735.827048158	0
298375.9374563398	4137735.8315829844	0
298375.94092339365	4137735.836117811	0
298375.9443904475	4137735.8406526376	0
298375.9478575014	4137735.8451874643	0
298375.95132455527	4137735.849722291	0
298375.9547916091	4137735.8542571175	0
298375.95825866295	4137735.858791944	0
298375.9617257168	4137735.8633267703	0
298375.9651927707	4137735.867861597	0
298375.9686598246	4137735.8723964235	0
298375.9721268784	4137735.87693125	0
298375.97559393226	4137735.8814660767	0
298375.97906098614	4137735.8860009033	0
298375.98252804	4137735.89053573	0
298375.9859950939	4137735.8950705566	0
298375.9894621477	4137735.899605383	0
298375.9929292016	4137735.90414021	0
298375.99639625545	4137735.9086750364	0
298375.9998633093	4137735.913209863	0
298376.00333036314	4137735.9177446896	0
298376.006797417	4137735.9222795162	0
298376.0102644709	4137735.926814343	0
298376.01373152476	4137735.9313491695	0
298376.01719857863	4137735.935883996	0
298376.02066563244	4137735.9404188227	0
298376.0241326863	4137735.9449536493	0
298376.0275997402	4137735.949488476	0
298376.03106679406	4137735.9540233025	0
298376.03453384794	4137735.958558129	0
298376.03800090175	4137735.9630929558	0
298376.0414679556	4137735.9676277824	0
298376.0449350095	4137735.972162609	0
298376.0484020634	4137735.9766974356	0
298376.05186911725	4137735.981232262	0
298376.05533617106	4137735.985767089	0
298376.05880322494	4137735.9903019154	0
298376.0622702788	4137735.994836742	0
298376.0657373327	4137735.9993715687	0
298376.06920438656	4137736.003906395	0
298376.0726714404	4137736.0084412214	0
298376.07613849425	4137736.012976048	0
298376.0796055481	4137736.0175108747	0
298376.083072602	4137736.0220457013	0
298376.08653965587	4137736.026580528	0
298376.0900067097	4137736.0311153545	0
298376.09347376355	4137736.035650181	0
298376.0969408174	4137736.0401850077	0
298376.1004078713	4137736.0447198343	0
298376.1038749252	4137736.049254661	0
298376.107341979	4137736.0537894876	0
298376.11080903286	4137736.058324314	0
298376.11427608674	4137736.062859141	0
298376.1177431406	4137736.0673939674	0
298376.1212101944	4137736.071928794	0
298376.1246772483	4137736.0764636206	0
298376.1281443022	4137736.0809984473	0
298376.13161135605	4137736.085533274	0
298376.1350784099	4137736.0900681005	0
298376.13854546373	4137736.094602927	0
298376.1420125176	4137736.0991377537	0
298376.1454795715	4137736.1036725803	0
298376.14894662536	4137736.108207407	0
298376.1524136792	4137736.1127422336	0
298376.15588073304	4137736.11727706	0
298376.1593477869	4137736.121811887	0
298376.1628148408	4137736.1263467134	0
298376.16628189466	4137736.13088154	0
298376.16974894854	4137736.1354163666	0
298376.17321600235	4137736.1399511932	0
298376.1766830562	4137736.1444860194	0
298376.1801501101	4137736.149020846	0
298376.183617164	4137736.1535556726	0
298376.18708421785	4137736.158090499	0
298376.19055127166	4137736.162625326	0
298376.19401832554	4137736.1671601525	0
298376.1974853794	4137736.171694979	0
298376.2009524333	4137736.1762298057	0
298376.20441948716	4137736.1807646323	0
298376.207886541	4137736.185299459	0
298376.21135359484	4137736.1898342855	0
298376.2148206487	4137736.194369112	0
298376.2182877026	4137736.1989039388	0
298376.2217547564	4137736.2034387654	0
298376.2252218103	4137736.207973592	0
298376.22868886415	4137736.2125084186	0
298376.232155918	4137736.217043245	0
298376.2356229719	4137736.221578072	0
298376.2390900257	4137736.2261128984	0
298376.2425570796	4137736.230647725	0
298376.24602413346	4137736.2351825517	0
298376.24949118734	4137736.2397173783	0
298376.2529582412	4137736.244252205	0
298376.256425295	4137736.2487870315	0
298376.2598923489	4137736.253321858	0
298376.2633594028	4137736.2578566847	0
298376.26682645665	4137736.2623915114	0
298376.2702935105	4137736.266926338	0
298376.27376056433	4137736.2714611646	0
298376.2772276182	4137736.275995991	0
298376.2806946721	4137736.280530818	0
298376.28416172595	4137736.285065644	0
298376.2876287798	4137736.2896004706	0
298376.29109583364	4137736.294135297	0
298376.2945628875	4137736.298670124	0
298376.2980299414	4137736.3032049504	0
298376.30149699526	4137736.307739777	0
298376.30496404914	4137736.3122746036	0
298376.30843110295	4137736.3168094303	0
298376.3118981568	4137736.321344257	0
298376.3153652107	4137736.3258790835	0
298376.3188322646	4137736.33041391	0
298376.3222993184	4137736.3349487367	0
298376.32576637226	4137736.3394835633	0
298376.32923342614	4137736.34401839	0
298376.33270048	4137736.3485532166	0
298376.3361675339	4137736.353088043	0
298376.3396345877	4137736.35762287	0
298376.34310164157	4137736.3621576964	0
298376.34656869544	4137736.366692523	0
298376.3500357493	4137736.3712273496	0
298376.3535028032	4137736.3757621762	0
298376.356969857	4137736.380297003	0
298376.3604369109	4137736.3848318295	0
298376.36390396475	4137736.389366656	0
298376.3673710186	4137736.3939014827	0
298376.3708380725	4137736.3984363093	0
298376.3743051263	4137736.402971136	0
298376.3777721802	4137736.4075059625	0
298376.38123923406	4137736.412040789	0
298376.38470628794	4137736.4165756158	0
298376.3881733418	4137736.4211104424	0
298376.3916403956	4137736.425645269	0
298376.3951074495	4137736.430180095	0
298376.3985745034	4137736.4347149218	0
298376.40204155724	4137736.4392497484	0
298376.4055086111	4137736.443784575	0
298376.40897566493	4137736.4483194016	0
298376.4124427188	4137736.452854228	0
298376.4159097727	4137736.457389055	0
298376.41937682655	4137736.4619238814	0
298376.42284388037	4137736.466458708	0
298376.42631093424	4137736.4709935347	0
298376.4297779881	4137736.4755283613	0
298376.433245042	4137736.480063188	0
298376.43671209586	4137736.4845980145	0
298376.4401791497	4137736.489132841	0
298376.44364620355	4137736.4936676677	0
298376.4471132574	4137736.4982024943	0
298376.4505803113	4137736.502737321	0
298376.4540473652	4137736.5072721476	0
298376.457514419	4137736.511806974	0
298376.46098147286	4137736.516341801	0
298376.46444852673	4137736.5208766274	0
298376.4679155806	4137736.525411454	0
298376.4713826345	4137736.5299462806	0
298376.4748496883	4137736.5344811073	0
298376.47831674217	4137736.539015934	0
298376.48178379604	4137736.5435507605	0
298376.4852508499	4137736.548085587	0
298376.4887179038	4137736.5526204137	0
298376.4921849576	4137736.5571552403	0
298376.4956520115	4137736.561690067	0
298376.49911906535	4137736.5662248936	0
298376.5025861192	4137736.5707597197	0
298376.5060531731	4137736.5752945463	0
298376.5095202269	4137736.579829373	0
298376.5129872808	4137736.5843641995	0
298376.51645433466	4137736.588899026	0
298376.51992138854	4137736.593433853	0
298376.5233884424	4137736.5979686794	0
298376.5268554962	4137736.602503506	0
298376.5303225501	4137736.6070383326	0
298376.533789604	4137736.611573159	0
298376.53725665784	4137736.616107986	0
298376.54072371166	4137736.6206428125	0
298376.54419076553	4137736.625177639	0
298376.5476578194	4137736.6297124657	0
298376.5511248733	4137736.6342472923	0
298376.55459192715	4137736.638782119	0
298376.55805898097	4137736.6433169455	0
298376.56152603484	4137736.647851772	0
298376.5649930887	4137736.6523865988	0
298376.5684601426	4137736.6569214254	0
298376.57192719646	4137736.661456252	0
298376.5753942503	4137736.6659910786	0
298376.57886130415	4137736.670525905	0
298376.582328358	4137736.675060732	0
298376.5857954119	4137736.6795955584	0
298376.5892624658	4137736.684130385	0
298376.5927295196	4137736.6886652117	0
298376.59619657346	4137736.6932000383	0
298376.59966362733	4137736.697734865	0
298376.6031306812	4137736.7022696915	0
298376.6065977351	4137736.706804518	0
298376.6100647889	4137736.7113393443	0
298376.61353184277	4137736.715874171	0
298376.61699889664	4137736.7204089975	0
298376.6204659505	4137736.724943824	0
298376.6239330044	4137736.7294786507	0
298376.6274000582	4137736.7340134773	0
298376.6308671121	4137736.738548304	0
298376.63433416595	4137736.7430831306	0
298376.6378012198	4137736.747617957	0
298376.64126827364	4137736.752152784	0
298376.6447353275	4137736.7566876104	0
298376.6482023814	4137736.761222437	0
298376.65166943526	4137736.7657572636	0
298376.65513648913	4137736.7702920903	0
298376.65860354295	4137736.774826917	0
298376.6620705968	4137736.7793617435	0
298376.6655376507	4137736.78389657	0
298376.66900470457	4137736.7884313967	0
298376.67247175844	4137736.7929662233	0
298376.67593881226	4137736.79750105	0
298376.67940586613	4137736.8020358765	0
298376.68287292	4137736.806570703	0
298376.6863399739	4137736.81110553	0
298376.68980702775	4137736.8156403564	0
298376.69327408157	4137736.820175183	0
298376.69674113544	4137736.8247100096	0
298376.7002081893	4137736.8292448362	0
298376.7036752432	4137736.833779663	0
298376.70714229706	4137736.8383144895	0
298376.7106093509	4137736.842849316	0
298376.71407640475	4137736.8473841427	0
298376.7175434586	4137736.851918969	0
298376.7210105125	4137736.8564537955	0
298376.7244775664	4137736.860988622	0
298376.7279446202	4137736.8655234487	0
298376.73141167406	4137736.8700582753	0
298376.73487872793	4137736.874593102	0
298376.7383457818	4137736.8791279285	0
298376.7418128356	4137736.883662755	0
298376.7452798895	4137736.8881975817	0
298376.74874694337	4137736.8927324084	0
298376.75221399724	4137736.897267235	0
298376.7556810511	4137736.9018020616	0
298376.75914810493	4137736.906336888	0
298376.7626151588	4137736.910871715	0
298376.7660822127	4137736.9154065414	0
298376.76954926655	4137736.919941368	0
298376.7730163204	4137736.9244761947	0
298376.77648337424	4137736.9290110213	0
298376.7799504281	4137736.933545848	0
298376.783417482	4137736.9380806745	0
298376.78688453586	4137736.942615501	0
298376.79035158973	4137736.9471503277	0
298376.79381864355	4137736.9516851543	0
298376.7972856974	4137736.956219981	0
298376.8007527513	4137736.9607548076	0
298376.80421980517	4137736.965289634	0
298376.80768685904	4137736.969824461	0
298376.81115391286	4137736.9743592874	0
298376.81462096673	4137736.978894114	0
298376.8180880206	4137736.9834289406	0
298376.8215550745	4137736.9879637673	0
298376.82502212835	4137736.9924985934	0
298376.82848918217	4137736.99703342	0
298376.83195623604	4137737.0015682466	0
298376.8354232899	4137737.0061030732	0
298376.8388903438	4137737.0106379	0
298376.8423573976	4137737.0151727265	0
298376.8458244515	4137737.019707553	0
298376.84929150535	4137737.0242423797	0
298376.8527585592	4137737.0287772063	0
298376.8562256131	4137737.033312033	0
298376.8596926669	4137737.0378468595	0
298376.8631597208	4137737.042381686	0
298376.86662677466	4137737.046916513	0
298376.87009382853	4137737.0514513394	0
298376.8735608824	4137737.055986166	0
298376.8770279362	4137737.0605209926	0
298376.8804949901	4137737.065055819	0
298376.88396204397	4137737.069590646	0
298376.88742909784	4137737.0741254725	0
298376.8908961517	4137737.078660299	0
298376.89436320553	4137737.0831951257	0
298376.8978302594	4137737.0877299523	0
298376.9012973133	4137737.092264779	0
298376.90476436715	4137737.0967996055	0
298376.908231421	4137737.101334432	0
298376.91169847484	4137737.1058692588	0
298376.9151655287	4137737.1104040854	0
298376.9186325826	4137737.114938912	0
298376.92209963646	4137737.1194737386	0
298376.92556669033	4137737.124008565	0
298376.92903374415	4137737.128543392	0
298376.932500798	4137737.1330782184	0
298376.9359678519	4137737.1376130446	0
298376.93943490577	4137737.142147871	0
298376.94290195964	4137737.146682698	0
298376.94636901346	4137737.1512175244	0
298376.94983606733	4137737.155752351	0
298376.9533031212	4137737.1602871777	0
298376.9567701751	4137737.1648220043	0
298376.9602372289	4137737.169356831	0
298376.96370428277	4137737.1738916575	0
298376.96717133664	4137737.178426484	0
298376.9706383905	4137737.1829613107	0
298376.9741054444	4137737.1874961373	0
298376.9775724982	4137737.192030964	0
298376.9810395521	4137737.1965657906	0
298376.98450660595	4137737.201100617	0
298376.9879736598	4137737.205635444	0
298376.9914407137	4137737.2101702704	0
298376.9949077675	4137737.214705097	0
298376.9983748214	4137737.2192399236	0
298377.00184187526	4137737.2237747503	0
298377.00530892913	4137737.228309577	0
298377.008775983	4137737.2328444035	0
298377.0122430368	4137737.23737923	0
298377.0157100907	4137737.2419140567	0
298377.01917714457	4137737.2464488833	0
298377.02264419844	4137737.25098371	0
298377.0261112523	4137737.2555185365	0
298377.02957830613	4137737.260053363	0
298377.03304536	4137737.26458819	0
298377.0365124139	4137737.2691230164	0
298377.03997946775	4137737.273657843	0
298377.0434465216	4137737.278192669	0
298377.04691357544	4137737.282727496	0
298377.0503806293	4137737.2872623224	0
298377.0538476832	4137737.291797149	0
298377.05731473706	4137737.2963319756	0
298377.0607817909	4137737.300866802	0
298377.06424884475	4137737.305401629	0
298377.0677158986	4137737.3099364555	0
298377.0711829525	4137737.314471282	0
298377.07465000637	4137737.3190061087	0
298377.0781170602	4137737.3235409353	0
298377.08158411406	4137737.328075762	0
298377.08505116793	4137737.3326105885	0
298377.0885182218	4137737.337145415	0
298377.0919852757	4137737.3416802417	0
298377.0954523295	4137737.3462150684	0
298377.09891938337	4137737.350749895	0
298377.10238643724	4137737.3552847216	0
298377.1058534911	4137737.359819548	0
298377.109320545	4137737.364354375	0
298377.1127875988	4137737.3688892014	0
298377.1162546527	4137737.373424028	0
298377.11972170655	4137737.3779588547	0
298377.1231887604	4137737.3824936813	0
298377.1266558143	4137737.387028508	0
298377.1301228681	4137737.3915633345	0
298377.133589922	4137737.396098161	0
298377.13705697586	4137737.4006329877	0
298377.14052402973	4137737.4051678143	0
298377.1439910836	4137737.409702641	0
298377.1474581374	4137737.4142374676	0
298377.1509251913	4137737.4187722937	0
298377.15439224517	4137737.4233071203	0
298377.15785929904	4137737.427841947	0
298377.16132635286	4137737.4323767736	0
298377.16479340673	4137737.4369116	0
298377.1682604606	4137737.441446427	0
298377.1717275145	4137737.4459812534	0
298377.17519456835	4137737.45051608	0
298377.17866162217	4137737.4550509066	0
298377.18212867604	4137737.4595857332	0
298377.1855957299	4137737.46412056	0
298377.1890627838	4137737.4686553865	0
298377.19252983766	4137737.473190213	0
298377.1959968915	4137737.4777250397	0
298377.19946394535	4137737.4822598663	0
298377.2029309992	4137737.486794693	0
298377.2063980531	4137737.4913295195	0
298377.20986510697	4137737.495864346	0
298377.2133321608	4137737.500399173	0
298377.21679921466	4137737.5049339994	0
298377.22026626853	4137737.509468826	0
298377.2237333224	4137737.5140036526	0
298377.2272003763	4137737.518538479	0
298377.2306674301	4137737.523073306	0
298377.23413448397	4137737.5276081325	0
298377.23760153784	4137737.532142959	0
298377.2410685917	4137737.5366777857	0
298377.2445356456	4137737.5412126123	0
298377.2480026994	4137737.545747439	0
298377.2514697533	4137737.5502822655	0
298377.25493680715	4137737.554817092	0
298377.258403861	4137737.5593519183	0
298377.26187091484	4137737.563886745	0
298377.2653379687	4137737.5684215715	0
298377.2688050226	4137737.572956398	0
298377.27227207646	4137737.5774912247	0
298377.27573913033	4137737.5820260514	0
298377.27920618415	4137737.586560878	0
298377.282673238	4137737.5910957046	0
298377.2861402919	4137737.595630531	0
298377.28960734577	4137737.600165358	0
298377.29307439964	4137737.6047001844	0
298377.29654145346	4137737.609235011	0
298377.3000085073	4137737.6137698377	0
298377.3034755612	4137737.6183046643	0
298377.3069426151	4137737.622839491	0
298377.31040966895	4137737.6273743175	0
298377.31387672276	4137737.631909144	0
298377.31734377664	4137737.6364439707	0
298377.3208108305	4137737.6409787973	0
298377.3242778844	4137737.645513624	0
298377.32774493826	4137737.6500484506	0
298377.3312119921	4137737.654583277	0
298377.33467904595	4137737.659118104	0
298377.3381460998	4137737.6636529304	0
298377.3416131537	4137737.668187757	0
298377.34508020757	4137737.6727225836	0
298377.3485472614	4137737.6772574103	0
298377.35201431526	4137737.681792237	0
298377.35548136913	4137737.6863270635	0
298377.358948423	4137737.69086189	0
298377.3624154769	4137737.6953967167	0
298377.3658825307	4137737.6999315433	0
298377.36934958457	4137737.7044663695	0
298377.37281663844	4137737.709001196	0
298377.3762836923	4137737.7135360227	0
298377.3797507461	4137737.7180708493	0
298377.3832178	4137737.722605676	0
298377.3866848539	4137737.7271405025	0
298377.39015190775	4137737.731675329	0
298377.3936189616	4137737.7362101558	0
298377.39708601544	4137737.7407449824	0
298377.4005530693	4137737.745279809	0
298377.4040201232	4137737.7498146356	0
298377.40748717706	4137737.754349462	0
298377.41095423093	4137737.758884289	0
298377.41442128475	4137737.7634191155	0
298377.4178883386	4137737.767953942	0
298377.4213553925	4137737.7724887687	0
298377.42482244637	4137737.7770235953	0
298377.42828950024	4137737.781558422	0
298377.43175655406	4137737.7860932485	0
298377.4352236079	4137737.790628075	0
298377.4386906618	4137737.7951629017	0
298377.4421577157	4137737.7996977284	0
298377.44562476955	4137737.804232555	0
298377.44909182336	4137737.8087673816	0
298377.45255887724	4137737.813302208	0
298377.4560259311	4137737.817837035	0
298377.459492985	4137737.8223718614	0
298377.46296003886	4137737.826906688	0
298377.4664270927	4137737.8314415147	0
298377.46989414655	4137737.8359763413	0
298377.4733612004	4137737.840511168	0
298377.4768282543	4137737.845045994	0
298377.4802953081	4137737.8495808206	0
298377.483762362	4137737.8541156473	0
298377.48722941586	4137737.858650474	0
298377.49069646973	4137737.8631853005	0
298377.4941635236	4137737.867720127	0
298377.4976305774	4137737.8722549537	0
298377.5010976313	4137737.8767897803	0
298377.50456468516	4137737.881324607	0
298377.50803173904	4137737.8858594336	0
298377.5114987929	4137737.89039426	0
298377.5149658467	4137737.894929087	0
298377.5184329006	4137737.8994639134	0
298377.5218999545	4137737.90399874	0
298377.52536700835	4137737.9085335666	0
298377.5288340622	4137737.9130683932	0
298377.53230111604	4137737.91760322	0
298377.5357681699	4137737.9221380465	0
298377.5392352238	4137737.926672873	0
298377.54270227766	4137737.9312076997	0
298377.54616933153	4137737.9357425263	0
298377.54963638535	4137737.940277353	0
298377.5531034392	4137737.9448121795	0
298377.5565704931	4137737.949347006	0
298377.56003754697	4137737.953881833	0
298377.56350460084	4137737.9584166594	0
298377.56697165465	4137737.962951486	0
298377.5704387085	4137737.9674863126	0
298377.5739057624	4137737.972021139	0
298377.5773728163	4137737.976555966	0
298377.5808398701	4137737.9810907925	0
298377.58430692396	4137737.9856256186	0
298377.58777397784	4137737.990160445	0
298377.5912410317	4137737.994695272	0
298377.5947080856	4137737.9992300984	0
298377.5981751394	4137738.003764925	0
298377.6016421933	4137738.0082997517	0
298377.60510924715	4137738.0128345783	0
298377.608576301	4137738.017369405	0
298377.6120433549	4137738.0219042315	0
298377.6155104087	4137738.026439058	0
298377.6189774626	4137738.0309738847	0
298377.62244451646	4137738.0355087114	0
298377.6259115703	4137738.040043538	0
298377.6293786242	4137738.0445783646	0
298377.632845678	4137738.049113191	0
298377.6363127319	4137738.053648018	0
298377.63977978576	4137738.0581828444	0
298377.64324683964	4137738.062717671	0
298377.6467138935	4137738.0672524977	0
298377.6501809473	4137738.0717873243	0
298377.6536480012	4137738.076322151	0
298377.6571150551	4137738.0808569775	0
298377.66058210895	4137738.085391804	0
298377.6640491628	4137738.0899266307	0
298377.66751621664	4137738.0944614573	0
298377.6709832705	4137738.098996284	0
298377.6744503244	4137738.1035311106	0
298377.67791737826	4137738.108065937	0
298377.6813844321	4137738.112600764	0
298377.68485148594	4137738.1171355904	0
298377.6883185398	4137738.121670417	0
298377.6917855937	4137738.126205243	0
298377.69525264757	4137738.13074007	0
298377.6987197014	4137738.1352748964	0
298377.70218675525	4137738.139809723	0
298377.7056538091	4137738.1443445496	0
298377.709120863	4137738.1488793762	0
298377.7125879169	4137738.153414203	0
298377.7160549707	4137738.1579490295	0
298377.71952202456	4137738.162483856	0
298377.72298907844	4137738.1670186827	0
298377.7264561323	4137738.1715535093	0
298377.7299231862	4137738.176088336	0
298377.73339024	4137738.1806231625	0
298377.7368572939	4137738.185157989	0
298377.74032434775	4137738.1896928158	0
298377.7437914016	4137738.1942276424	0
298377.7472584555	4137738.198762469	0
298377.7507255093	4137738.2032972956	0
298377.7541925632	4137738.207832122	0
298377.75765961705	4137738.212366949	0
298377.7611266709	4137738.2169017754	0
298377.7645937248	4137738.221436602	0
298377.7680607786	4137738.2259714287	0
298377.7715278325	4137738.2305062553	0
298377.77499488636	4137738.235041082	0
298377.77846194024	4137738.2395759085	0
298377.7819289941	4137738.244110735	0
298377.7853960479	4137738.2486455617	0
298377.7888631018	4137738.2531803884	0
298377.7923301557	4137738.257715215	0
298377.79579720955	4137738.2622500416	0
298377.79926426336	4137738.266784868	0
298377.80273131724	4137738.2713196944	0
298377.8061983711	4137738.275854521	0
298377.809665425	4137738.2803893476	0
298377.81313247886	4137738.284924174	0
298377.81659953267	4137738.289459001	0
298377.82006658654	4137738.2939938274	0
298377.8235336404	4137738.298528654	0
298377.8270006943	4137738.3030634806	0
298377.83046774816	4137738.3075983073	0
298377.833934802	4137738.312133134	0
298377.83740185585	4137738.3166679605	0
298377.8408689097	4137738.321202787	0
298377.8443359636	4137738.3257376137	0
298377.8478030175	4137738.3302724403	0
298377.8512700713	4137738.334807267	0
298377.85473712516	4137738.3393420936	0
298377.85820417904	4137738.34387692	0
298377.8616712329	4137738.348411747	0
298377.8651382868	4137738.3529465734	0
298377.8686053406	4137738.3574814	0
298377.8720723945	4137738.3620162266	0
298377.87553944835	4137738.3665510532	0
298377.8790065022	4137738.37108588	0
298377.8824735561	4137738.3756207065	0
298377.8859406099	4137738.380155533	0
298377.8894076638	4137738.3846903597	0
298377.89287471765	4137738.3892251863	0
298377.8963417715	4137738.393760013	0
298377.89980882534	4137738.3982948395	0
298377.9032758792	4137738.402829666	0
298377.9067429331	4137738.407364493	0
298377.91020998696	4137738.411899319	0
298377.91367704084	4137738.4164341455	0
298377.91714409465	4137738.420968972	0
298377.9206111485	4137738.4255037988	0
298377.9240782024	4137738.4300386254	0
298377.9275452563	4137738.434573452	0
298377.93101231015	4137738.4391082786	0
298377.93447936396	4137738.443643105	0
298377.93794641783	4137738.448177932	0
298377.9414134717	4137738.4527127584	0
298377.9448805256	4137738.457247585	0
298377.94834757946	4137738.4617824117	0
298377.95181463327	4137738.4663172383	0
298377.95528168714	4137738.470852065	0
298377.958748741	4137738.4753868915	0
298377.9622157949	4137738.479921718	0
298377.96568284876	4137738.4844565447	0
298377.9691499026	4137738.4889913714	0
298377.97261695645	4137738.493526198	0
298377.9760840103	4137738.4980610246	0
298377.9795510642	4137738.502595851	0
298377.9830181181	4137738.507130678	0
298377.9864851719	4137738.5116655044	0
298377.98995222576	4137738.516200331	0
298377.99341927964	4137738.5207351577	0
298377.9968863335	4137738.5252699843	0
298378.0003533873	4137738.529804811	0
298378.0038204412	4137738.5343396375	0
298378.0072874951	4137738.538874464	0
298378.01075454894	4137738.5434092907	0
298378.0142216028	4137738.5479441173	0
298378.01768865663	4137738.5524789435	0
298378.0211557105	4137738.55701377	0
298378.0246227644	4137738.5615485967	0
298378.02808981825	4137738.5660834233	0
298378.0315568721	4137738.57061825	0
298378.03502392594	4137738.5751530766	0
298378.0384909798	4137738.579687903	0
298378.0419580337	4137738.58422273	0
298378.04542508756	4137738.5887575564	0
298378.04889214144	4137738.593292383	0
298378.05235919525	4137738.5978272096	0
298378.0558262491	4137738.6023620362	0
298378.059293303	4137738.606896863	0
298378.0627603569	4137738.6114316895	0
298378.06622741075	4137738.615966516	0
298378.06969446456	4137738.6205013427	0
298378.07316151843	4137738.6250361693	0
298378.0766285723	4137738.629570996	0
298378.0800956262	4137738.6341058225	0
298378.08356268005	4137738.638640649	0
298378.08702973387	4137738.6431754758	0
298378.09049678774	4137738.6477103024	0
298378.0939638416	4137738.652245129	0
298378.0974308955	4137738.6567799556	0
298378.1008979493	4137738.661314782	0
298378.1043650032	4137738.665849609	0
298378.10783205705	4137738.6703844354	0
298378.1112991109	4137738.674919262	0
298378.1147661648	4137738.6794540887	0
298378.1182332186	4137738.6839889153	0
298378.1217002725	4137738.688523742	0
298378.12516732636	4137738.693058568	0
298378.12863438023	4137738.6975933947	0
298378.1321014341	4137738.7021282213	0
298378.1355684879	4137738.706663048	0
298378.1390355418	4137738.7111978745	0
298378.14250259567	4137738.715732701	0
298378.14596964954	4137738.7202675277	0
298378.1494367034	4137738.7248023544	0
298378.15290375723	4137738.729337181	0
298378.1563708111	4137738.7338720076	0
298378.159837865	4137738.738406834	0
298378.16330491885	4137738.742941661	0
298378.1667719727	4137738.7474764874	0
298378.17023902654	4137738.752011314	0
298378.1737060804	4137738.7565461406	0
298378.1771731343	4137738.7610809673	0
298378.18064018816	4137738.765615794	0
298378.18410724204	4137738.7701506205	0
298378.18757429585	4137738.774685447	0
298378.1910413497	4137738.7792202737	0
298378.1945084036	4137738.7837551003	0
298378.1979754575	4137738.788289927	0
298378.20144251134	4137738.7928247536	0
298378.20490956516	4137738.79735958	0
298378.20837661903	4137738.801894407	0
298378.2118436729	4137738.8064292334	0
298378.2153107268	4137738.81096406	0
298378.2187777806	4137738.8154988866	0
298378.22224483447	4137738.8200337132	0
298378.22571188834	4137738.82456854	0
298378.2291789422	4137738.8291033665	0
298378.2326459961	4137738.8336381926	0
298378.2361130499	4137738.8381730192	0
298378.2395801038	4137738.842707846	0
298378.24304715765	4137738.8472426725	0
298378.2465142115	4137738.851777499	0
298378.2499812654	4137738.8563123257	0
298378.2534483192	4137738.8608471523	0
298378.2569153731	4137738.865381979	0
298378.26038242696	4137738.8699168055	0
298378.26384948083	4137738.874451632	0
298378.2673165347	4137738.8789864588	0
298378.2707835885	4137738.8835212854	0
298378.2742506424	4137738.888056112	0
298378.27771769627	4137738.8925909386	0
298378.28118475014	4137738.897125765	0
298378.284651804	4137738.901660592	0
298378.28811885783	4137738.9061954184	0
298378.2915859117	4137738.910730245	0
298378.2950529656	4137738.9152650717	0
298378.29852001945	4137738.9197998983	0
298378.3019870733	4137738.924334725	0
298378.30545412714	4137738.9288695515	0
298378.308921181	4137738.933404378	0
298378.3123882349	4137738.9379392047	0
298378.31585528876	4137738.9424740314	0
298378.3193223426	4137738.947008858	0
298378.32278939645	4137738.9515436846	0
298378.3262564503	4137738.956078511	0
298378.3297235042	4137738.960613338	0
298378.33319055807	4137738.9651481644	0
298378.3366576119	4137738.969682991	0
298378.34012466576	4137738.9742178177	0
298378.34359171963	4137738.978752644	0
298378.3470587735	4137738.9832874704	0
298378.3505258274	4137738.987822297	0
298378.3539928812	4137738.9923571236	0
298378.35745993507	4137738.9968919503	0
298378.36092698894	4137739.001426777	0
298378.3643940428	4137739.0059616035	0
298378.3678610967	4137739.01049643	0
298378.3713281505	4137739.0150312567	0
298378.3747952044	4137739.0195660833	0
298378.37826225825	4137739.02410091	0
298378.3817293121	4137739.0286357366	0
298378.385196366	4137739.033170563	0
298378.3886634198	4137739.03770539	0
298378.3921304737	4137739.0422402164	0
298378.39559752756	4137739.046775043	0
298378.39906458143	4137739.0513098696	0
298378.4025316353	4137739.0558446962	0
298378.4059986891	4137739.060379523	0
298378.409465743	4137739.0649143495	0
298378.41293279687	4137739.069449176	0
298378.41639985074	4137739.0739840027	0
298378.41986690456	4137739.0785188293	0
298378.42333395843	4137739.083053656	0
298378.4268010123	4137739.0875884825	0
298378.4302680662	4137739.092123309	0
298378.43373512005	4137739.0966581358	0
298378.43720217387	4137739.1011929624	0
298378.44066922774	4137739.105727789	0
298378.4441362816	4137739.1102626156	0
298378.4476033355	4137739.114797442	0
298378.45107038936	4137739.1193322684	0
298378.4545374432	4137739.123867095	0
298378.45800449705	4137739.1284019216	0
298378.4614715509	4137739.132936748	0
298378.4649386048	4137739.137471575	0
298378.46840565867	4137739.1420064014	0
298378.4718727125	4137739.146541228	0
298378.47533976636	4137739.1510760547	0
298378.47880682023	4137739.1556108813	0
298378.4822738741	4137739.160145708	0
298378.485740928	4137739.1646805345	0
298378.4892079818	4137739.169215361	0
298378.49267503567	4137739.1737501877	0
298378.49614208954	4137739.1782850143	0
298378.4996091434	4137739.182819841	0
298378.5030761973	4137739.1873546676	0
298378.5065432511	4137739.191889494	0
298378.510010305	4137739.196424321	0
298378.51347735885	4137739.2009591474	0
298378.5169444127	4137739.205493974	0
298378.52041146654	4137739.2100288006	0
298378.5238785204	4137739.2145636273	0
298378.5273455743	4137739.219098454	0
298378.53081262816	4137739.2236332805	0
298378.53427968203	4137739.228168107	0
298378.53774673585	4137739.2327029337	0
298378.5412137897	4137739.2372377603	0
298378.5446808436	4137739.241772587	0
298378.54814789747	4137739.2463074136	0
298378.55161495134	4137739.25084224	0
298378.55508200516	4137739.255377067	0
298378.55854905903	4137739.259911893	0
298378.5620161129	4137739.2644467195	0
298378.5654831668	4137739.268981546	0
298378.56895022065	4137739.273516373	0
298378.57241727447	4137739.2780511994	0
298378.57588432834	4137739.282586026	0
298378.5793513822	4137739.2871208526	0
298378.5828184361	4137739.2916556792	0
298378.58628548996	4137739.296190506	0
298378.5897525438	4137739.3007253325	0
298378.59321959765	4137739.305260159	0
298378.5966866515	4137739.3097949857	0
298378.6001537054	4137739.3143298123	0
298378.60362075927	4137739.318864639	0
298378.6070878131	4137739.3233994655	0
298378.61055486696	4137739.327934292	0
298378.61402192083	4137739.3324691188	0
298378.6174889747	4137739.3370039454	0
298378.6209560286	4137739.341538772	0
298378.6244230824	4137739.3460735986	0
298378.62789013627	4137739.350608425	0
298378.63135719014	4137739.355143252	0
298378.634824244	4137739.3596780784	0
298378.63829129783	4137739.364212905	0
298378.6417583517	4137739.3687477317	0
298378.6452254056	4137739.3732825583	0
298378.64869245945	4137739.377817385	0
298378.6521595133	4137739.3823522115	0
298378.65562656714	4137739.386887038	0
298378.659093621	4137739.3914218647	0
298378.6625606749	4137739.3959566914	0
298378.66602772876	4137739.4004915175	0
298378.66949478263	4137739.405026344	0
298378.67296183645	4137739.4095611707	0
298378.6764288903	4137739.4140959973	0
298378.6798959442	4137739.418630824	0
298378.68336299807	4137739.4231656506	0
298378.68683005194	4137739.427700477	0
298378.69029710576	4137739.432235304	0
298378.69376415963	4137739.4367701304	0
298378.6972312135	4137739.441304957	0
298378.7006982674	4137739.4458397836	0
298378.70416532125	4137739.4503746103	0
298378.70763237507	4137739.454909437	0
298378.71109942894	4137739.4594442635	0
298378.7145664828	4137739.46397909	0
298378.7180335367	4137739.4685139167	0
298378.72150059056	4137739.4730487433	0
298378.7249676444	4137739.47758357	0
298378.72843469825	4137739.4821183966	0
298378.7319017521	4137739.486653223	0
298378.735368806	4137739.49118805	0
298378.7388358598	4137739.4957228764	0
298378.7423029137	4137739.500257703	0
298378.74576996756	4137739.5047925296	0
298378.74923702143	4137739.5093273562	0
298378.7527040753	4137739.513862183	0
298378.7561711291	4137739.5183970095	0
298378.759638183	4137739.522931836	0
298378.76310523687	4137739.5274666627	0
298378.76657229074	4137739.5320014893	0
298378.7700393446	4137739.536536316	0
298378.77350639843	4137739.5410711425	0
298378.7769734523	4137739.5456059687	0
298378.7804405062	4137739.5501407953	0
298378.78390756005	4137739.554675622	0
298378.7873746139	4137739.5592104485	0
298378.79084166774	4137739.563745275	0
298378.7943087216	4137739.5682801018	0
298378.7977757755	4137739.5728149284	0
298378.80124282936	4137739.577349755	0
298378.80470988323	4137739.5818845816	0
298378.80817693705	4137739.586419408	0
298378.8116439909	4137739.590954235	0
298378.8151110448	4137739.5954890614	0
298378.81857809867	4137739.600023888	0
298378.82204515254	4137739.6045587147	0
298378.82551220636	4137739.6090935413	0
298378.82897926023	4137739.613628368	0
298378.8324463141	4137739.6181631945	0
298378.835913368	4137739.622698021	0
298378.8393804218	4137739.6272328477	0
298378.84284747567	4137739.6317676743	0
298378.84631452954	4137739.636302501	0
298378.8497815834	4137739.6408373276	0
298378.8532486373	4137739.645372154	0
298378.8567156911	4137739.649906981	0
298378.860182745	4137739.6544418074	0
298378.86364979885	4137739.658976634	0
298378.8671168527	4137739.6635114606	0
298378.8705839066	4137739.6680462873	0
298378.8740509604	4137739.672581114	0
298378.8775180143	4137739.6771159405	0
298378.88098506816	4137739.681650767	0
298378.88445212203	4137739.6861855933	0
298378.8879191759	4137739.69072042	0
298378.8913862297	4137739.6952552465	0
298378.8948532836	4137739.699790073	0
298378.89832033747	4137739.7043248997	0
298378.90178739134	4137739.7088597263	0
298378.9052544452	4137739.713394553	0
298378.908721499	4137739.7179293795	0
298378.9121885529	4137739.722464206	0
298378.9156556068	4137739.726999033	0
298378.91912266065	4137739.7315338594	0
298378.9225897145	4137739.736068686	0
298378.92605676834	4137739.7406035126	0
298378.9295238222	4137739.745138339	0
298378.9329908761	4137739.749673166	0
298378.93645792996	4137739.7542079925	0
298378.9399249838	4137739.758742819	0
298378.94339203765	4137739.7632776457	0
298378.9468590915	4137739.7678124723	0
298378.9503261454	4137739.772347299	0
298378.95379319927	4137739.7768821255	0
298378.9572602531	4137739.781416952	0
298378.96072730696	4137739.7859517788	0
298378.96419436083	4137739.7904866054	0
298378.9676614147	4137739.795021432	0
298378.9711284686	4137739.7995562586	0
298378.9745955224	4137739.804091085	0
298378.97806257627	4137739.808625912	0
298378.98152963014	4137739.8131607384	0
298378.984996684	4137739.817695565	0
298378.9884637379	4137739.8222303917	0
298378.9919307917	4137739.826765218	0
298378.9953978456	4137739.8313000444	0
298378.99886489945	4137739.835834871	0
298379.0023319533	4137739.8403696977	0
298379.0057990072	4137739.8449045243	0
298379.009266061	4137739.849439351	0
298379.0127331149	4137739.8539741775	0
298379.01620016876	4137739.858509004	0
298379.01966722263	4137739.8630438307	0
298379.0231342765	4137739.8675786573	0
298379.0266013303	4137739.872113484	0
298379.0300683842	4137739.8766483106	0
298379.03353543807	4137739.881183137	0
298379.03700249194	4137739.885717964	0
298379.0404695458	4137739.8902527904	0
298379.0439365996	4137739.894787617	0
298379.0474036535	4137739.8993224436	0
298379.0508707074	4137739.9038572703	0
298379.05433776125	4137739.908392097	0
298379.05780481506	4137739.9129269235	0
298379.06127186894	4137739.91746175	0
298379.0647389228	4137739.9219965767	0
298379.0682059767	4137739.9265314033	0
298379.07167303056	4137739.93106623	0
298379.0751400844	4137739.9356010566	0
298379.07860713825	4137739.940135883	0
298379.0820741921	4137739.94467071	0
298379.085541246	4137739.9492055364	0
298379.08900829987	4137739.953740363	0
298379.0924753537	4137739.9582751896	0
298379.09594240756	4137739.9628100162	0
298379.0994094614	4137739.9673448424	0
298379.1028765153	4137739.971879669	0
298379.1063435692	4137739.9764144956	0
298379.109810623	4137739.980949322	0
298379.11327767686	4137739.985484149	0
298379.11674473074	4137739.9900189755	0
298379.1202117846	4137739.994553802	0
298379.1236788385	4137739.9990886287	0
298379.1271458923	4137740.0036234553	0
298379.1306129462	4137740.008158282	0
298379.13408000005	4137740.0126931085	0
298379.1375470539	4137740.017227935	0
298379.1410141078	4137740.0217627618	0
298379.1444811616	4137740.0262975884	0
298379.1479482155	4137740.030832415	0
298379.15141526936	4137740.0353672416	0
298379.15488232323	4137740.039902068	0
298379.15834937704	4137740.044436895	0
298379.1618164309	4137740.0489717214	0
298379.1652834848	4137740.053506548	0
298379.16875053867	4137740.0580413747	0
298379.17221759254	4137740.0625762013	0
298379.17568464635	4137740.067111028	0
298379.1791517002	4137740.0716458545	0
298379.1826187541	4137740.076180681	0
298379.186085808	4137740.0807155077	0
298379.18955286185	4137740.0852503343	0
298379.19301991566	4137740.089785161	0
298379.19648696954	4137740.0943199876	0
298379.1999540234	4137740.098854814	0
298379.2034210773	4137740.103389641	0
298379.20688813116	4137740.1079244674	0
298379.210355185	4137740.1124592936	0
298379.21382223885	4137740.11699412	0
298379.2172892927	4137740.121528947	0
298379.2207563466	4137740.1260637734	0
298379.22422340047	4137740.1305986	0
298379.2276904543	4137740.1351334266	0
298379.23115750815	4137740.1396682533	0
298379.234624562	4137740.14420308	0
298379.2380916159	4137740.1487379065	0
298379.2415586698	4137740.153272733	0
298379.2450257236	4137740.1578075597	0
298379.24849277746	4137740.1623423863	0
298379.25195983134	4137740.166877213	0
298379.2554268852	4137740.1714120395	0
298379.258893939	4137740.175946866	0
298379.2623609929	4137740.180481693	0
298379.2658280468	4137740.1850165194	0
298379.26929510065	4137740.189551346	0
298379.2727621545	4137740.1940861726	0
298379.27622920834	4137740.198620999	0
298379.2796962622	4137740.203155826	0
298379.2831633161	4137740.2076906525	0
298379.28663036996	4137740.212225479	0
298379.29009742383	4137740.2167603057	0
298379.29356447764	4137740.2212951323	0
298379.2970315315	4137740.225829959	0
298379.3004985854	4137740.2303647855	0
298379.30396563926	4137740.234899612	0
298379.30743269314	4137740.2394344388	0
298379.31089974695	4137740.2439692654	0
298379.3143668008	4137740.248504092	0
298379.3178338547	4137740.253038918	0
298379.3213009086	4137740.2575737447	0
298379.32476796245	4137740.2621085714	0
298379.32823501626	4137740.266643398	0
298379.33170207014	4137740.2711782246	0
298379.335169124	4137740.275713051	0
298379.3386361779	4137740.280247878	0
298379.34210323176	4137740.2847827044	0
298379.3455702856	4137740.289317531	0
298379.34903733945	4137740.2938523577	0
298379.3525043933	4137740.2983871843	0
298379.3559714472	4137740.302922011	0
298379.35943850107	4137740.3074568375	0
298379.3629055549	4137740.311991664	0
298379.36637260875	4137740.3165264907	0
298379.3698396626	4137740.3210613173	0
298379.3733067165	4137740.325596144	0
298379.3767737703	4137740.3301309706	0
298379.3802408242	4137740.334665797	0
298379.38370787806	4137740.339200624	0
298379.38717493194	4137740.3437354504	0
298379.3906419858	4137740.348270277	0
298379.3941090396	4137740.3528051036	0
298379.3975760935	4137740.3573399303	0
298379.4010431474	4137740.361874757	0
298379.40451020125	4137740.3664095835	0
298379.4079772551	4137740.37094441	0
298379.41144430893	4137740.3754792367	0
298379.4149113628	4137740.3800140633	0
298379.4183784167	4137740.38454889	0
298379.42184547056	4137740.3890837166	0
298379.4253125244	4137740.3936185427	0
298379.42877957824	4137740.3981533693	0
298379.4322466321	4137740.402688196	0
298379.435713686	4137740.4072230225	0
298379.43918073986	4137740.411757849	0
298379.44264779374	4137740.416292676	0
298379.44611484755	4137740.4208275024	0
298379.4495819014	4137740.425362329	0
298379.4530489553	4137740.4298971556	0
298379.4565160092	4137740.434431982	0
298379.45998306305	4137740.438966809	0
298379.46345011686	4137740.4435016355	0
298379.46691717074	4137740.448036462	0
298379.4703842246	4137740.4525712887	0
298379.4738512785	4137740.4571061153	0
298379.4773183323	4137740.461640942	0
298379.4807853862	4137740.4661757685	0
298379.48425244004	4137740.470710595	0
298379.4877194939	4137740.4752454218	0
298379.4911865478	4137740.4797802484	0
298379.4946536016	4137740.484315075	0
298379.4981206555	4137740.4888499016	0
298379.50158770935	4137740.493384728	0
298379.5050547632	4137740.497919555	0
298379.5085218171	4137740.5024543814	0
298379.5119888709	4137740.506989208	0
298379.5154559248	4137740.5115240347	0
298379.51892297866	4137740.5160588613	0
298379.52239003254	4137740.520593688	0
298379.5258570864	4137740.5251285145	0
298379.5293241402	4137740.529663341	0
298379.5327911941	4137740.5341981673	0
298379.536258248	4137740.538732994	0
298379.53972530185	4137740.5432678205	0
298379.5431923557	4137740.547802647	0
298379.54665940953	4137740.5523374737	0
298379.5501264634	4137740.5568723003	0
298379.5535935173	4137740.561407127	0
298379.55706057115	4137740.5659419536	0
298379.560527625	4137740.57047678	0
298379.56399467884	4137740.575011607	0
298379.5674617327	4137740.5795464334	0
298379.5709287866	4137740.58408126	0
298379.57439584046	4137740.5886160866	0
298379.5778628943	4137740.5931509132	0
298379.58132994815	4137740.59768574	0
298379.584797002	4137740.6022205665	0
298379.5882640559	4137740.606755393	0
298379.5917311098	4137740.6112902197	0
298379.5951981636	4137740.6158250463	0
298379.59866521746	4137740.620359873	0
298379.60213227133	4137740.6248946995	0
298379.6055993252	4137740.629429526	0
298379.6090663791	4137740.633964353	0
298379.6125334329	4137740.6384991794	0
298379.61600048677	4137740.643034006	0
298379.61946754064	4137740.6475688326	0
298379.6229345945	4137740.652103659	0
298379.6264016484	4137740.656638486	0
298379.6298687022	4137740.6611733125	0
298379.6333357561	4137740.665708139	0
298379.63680280995	4137740.6702429657	0
298379.6402698638	4137740.6747777923	0
298379.6437369177	4137740.6793126184	0
298379.6472039715	4137740.683847445	0
298379.6506710254	4137740.6883822717	0
298379.65413807926	4137740.6929170983	0
298379.65760513314	4137740.697451925	0
298379.661072187	4137740.7019867515	0
298379.6645392408	4137740.706521578	0
298379.6680062947	4137740.7110564047	0
298379.6714733486	4137740.7155912314	0
298379.67494040244	4137740.720126058	0
298379.67840745626	4137740.7246608846	0
298379.68187451013	4137740.729195711	0
298379.685341564	4137740.733730538	0
298379.6888086179	4137740.7382653644	0
298379.69227567175	4137740.742800191	0
298379.69574272557	4137740.7473350177	0
298379.69920977944	4137740.7518698443	0
298379.7026768333	4137740.756404671	0
298379.7061438872	4137740.7609394975	0
298379.70961094106	4137740.765474324	0
298379.7130779949	4137740.7700091507	0
298379.71654504875	4137740.7745439773	0
298379.7200121026	4137740.779078804	0
298379.7234791565	4137740.7836136306	0
298379.7269462104	4137740.788148457	0
298379.7304132642	4137740.792683284	0
298379.73388031806	4137740.7972181104	0
298379.73734737193	4137740.801752937	0
298379.7408144258	4137740.8062877636	0
298379.7442814797	4137740.8108225903	0
298379.7477485335	4137740.815357417	0
298379.75121558737	4137740.819892243	0
298379.75468264124	4137740.8244270696	0
298379.7581496951	4137740.8289618962	0
298379.761616749	4137740.833496723	0
298379.7650838028	4137740.8380315495	0
298379.7685508567	4137740.842566376	0
298379.77201791055	4137740.8471012027	0
298379.7754849644	4137740.8516360293	0
298379.7789520183	4137740.856170856	0
298379.7824190721	4137740.8607056825	0
298379.785886126	4137740.865240509	0
298379.78935317986	4137740.869775336	0
298379.79282023374	4137740.8743101624	0
298379.79628728755	4137740.878844989	0
298379.7997543414	4137740.8833798156	0
298379.8032213953	4137740.887914642	0
298379.8066884492	4137740.892449469	0
298379.81015550304	4137740.8969842955	0
298379.81362255686	4137740.901519122	0
298379.81708961073	4137740.9060539487	0
298379.8205566646	4137740.9105887753	0
298379.8240237185	4137740.915123602	0
298379.82749077235	4137740.9196584285	0
298379.83095782617	4137740.924193255	0
298379.83442488004	4137740.9287280818	0
298379.8378919339	4137740.9332629084	0
298379.8413589878	4137740.937797735	0
298379.84482604166	4137740.9423325616	0
298379.8482930955	4137740.946867388	0
298379.85176014935	4137740.951402215	0
298379.8552272032	4137740.9559370414	0
298379.8586942571	4137740.9604718676	0
298379.862161311	4137740.965006694	0
298379.8656283648	4137740.969541521	0
298379.86909541866	4137740.9740763474	0
298379.87256247253	4137740.978611174	0
298379.8760295264	4137740.9831460007	0
298379.8794965803	4137740.9876808273	0
298379.8829636341	4137740.992215654	0
298379.88643068797	4137740.9967504805	0
298379.88989774184	4137741.001285307	0
298379.8933647957	4137741.0058201337	0
298379.89683184953	4137741.0103549603	0
298379.9002989034	4137741.014889787	0
298379.9037659573	4137741.0194246136	0
298379.90723301115	4137741.02395944	0
298379.910700065	4137741.028494267	0
298379.91416711884	4137741.0330290934	0
298379.9176341727	4137741.03756392	0
298379.9211012266	4137741.0420987466	0
298379.92456828046	4137741.0466335732	0
298379.92803533433	4137741.0511684	0
298379.93150238815	4137741.0557032265	0
298379.934969442	4137741.060238053	0
298379.9384364959	4137741.0647728797	0
298379.94190354977	4137741.0693077063	0
298379.94537060364	4137741.073842533	0
298379.94883765746	4137741.0783773595	0
298379.95230471133	4137741.082912186	0
298379.9557717652	4137741.087447013	0
298379.9592388191	4137741.0919818394	0
298379.96270587295	4137741.096516666	0
298379.96617292677	4137741.101051492	0
298379.96963998064	4137741.1055863188	0
298379.9731070345	4137741.1101211454	0
298379.9765740884	4137741.114655972	0
298379.98004114226	4137741.1191907986	0
298379.9835081961	4137741.123725625	0
298379.98697524995	4137741.128260452	0
298379.9904423038	4137741.1327952784	0
298379.9939093577	4137741.137330105	0
298379.9973764115	4137741.1418649317	0
298380.0008434654	4137741.1463997583	0
298380.00431051926	4137741.150934585	0
298380.00777757313	4137741.1554694115	0
298380.011244627	4137741.160004238	0
298380.0147116808	4137741.1645390647	0
298380.0181787347	4137741.1690738914	0
298380.02164578857	4137741.173608718	0
298380.02511284244	4137741.1781435446	0
298380.0285798963	4137741.182678371	0
298380.03204695013	4137741.187213198	0
298380.035514004	4137741.1917480244	0
298380.0389810579	4137741.196282851	0
298380.04244811175	4137741.2008176777	0
298380.0459151656	4137741.2053525043	0
298380.04938221944	4137741.209887331	0
298380.0528492733	4137741.2144221575	0
298380.0563163272	4137741.218956984	0
298380.05978338106	4137741.2234918107	0
298380.06325043493	4137741.2280266373	0
298380.06671748875	4137741.232561464	0
298380.0701845426	4137741.2370962906	0
298380.0736515965	4137741.2416311167	0
298380.07711865037	4137741.2461659433	0
298380.08058570424	4137741.25070077	0
298380.08405275806	4137741.2552355966	0
298380.08751981193	4137741.259770423	0
298380.0909868658	4137741.26430525	0
298380.0944539197	4137741.2688400764	0
298380.0979209735	4137741.273374903	0
298380.10138802737	4137741.2779097296	0
298380.10485508124	4137741.2824445562	0
298380.1083221351	4137741.286979383	0
298380.111789189	4137741.2915142095	0
298380.1152562428	4137741.296049036	0
298380.1187232967	4137741.3005838627	0
298380.12219035055	4137741.3051186893	0
298380.1256574044	4137741.309653516	0
298380.1291244583	4137741.3141883425	0
298380.1325915121	4137741.318723169	0
298380.136058566	4137741.323257996	0
298380.13952561986	4137741.3277928224	0
298380.14299267373	4137741.332327649	0
298380.1464597276	4137741.3368624756	0
298380.1499267814	4137741.341397302	0
298380.1533938353	4137741.345932129	0
298380.15686088917	4137741.3504669555	0
298380.16032794304	4137741.355001782	0
298380.1637949969	4137741.3595366087	0
298380.16726205073	4137741.3640714353	0
298380.1707291046	4137741.368606262	0
298380.1741961585	4137741.3731410885	0
298380.17766321235	4137741.377675915	0
298380.1811302662	4137741.3822107418	0
298380.18459732004	4137741.386745568	0
298380.1880643739	4137741.3912803945	0
298380.1915314278	4137741.395815221	0
298380.19499848166	4137741.4003500477	0
298380.19846553553	4137741.4048848744	0
298380.20193258935	4137741.409419701	0
298380.2053996432	4137741.4139545276	0
298380.2088666971	4137741.418489354	0
298380.21233375097	4137741.423024181	0
298380.2158008048	4137741.4275590074	0
298380.21926785866	4137741.432093834	0
298380.22273491253	4137741.4366286607	0
298380.2262019664	4137741.4411634873	0
298380.2296690203	4137741.445698314	0
298380.2331360741	4137741.4502331405	0
298380.23660312797	4137741.454767967	0
298380.24007018184	4137741.4593027937	0
298380.2435372357	4137741.4638376203	0
298380.2470042896	4137741.468372447	0
298380.2504713434	4137741.4729072736	0
298380.2539383973	4137741.4774421	0
298380.25740545115	4137741.481976927	0
298380.260872505	4137741.4865117534	0
298380.2643395589	4137741.49104658	0
298380.2678066127	4137741.4955814066	0
298380.2712736666	4137741.5001162332	0
298380.27474072046	4137741.50465106	0
298380.27820777433	4137741.5091858865	0
298380.2816748282	4137741.513720713	0
298380.285141882	4137741.5182555397	0
298380.2886089359	4137741.5227903663	0
298380.29207598977	4137741.5273251925	0
298380.29554304364	4137741.531860019	0
298380.2990100975	4137741.5363948457	0
298380.30247715133	4137741.5409296723	0
298380.3059442052	4137741.545464499	0
298380.3094112591	4137741.5499993255	0
298380.31287831295	4137741.554534152	0
298380.31634536677	4137741.5590689788	0
298380.31981242064	4137741.5636038054	0
298380.3232794745	4137741.568138632	0
298380.3267465284	4137741.5726734586	0
298380.33021358226	4137741.577208285	0
298380.3336806361	4137741.581743112	0
298380.33714768995	4137741.5862779384	0
298380.3406147438	4137741.590812765	0
298380.3440817977	4137741.5953475917	0
298380.34754885157	4137741.5998824183	0
298380.3510159054	4137741.604417245	0
298380.35448295926	4137741.6089520715	0
298380.35795001313	4137741.613486898	0
298380.361417067	4137741.6180217247	0
298380.3648841209	4137741.6225565514	0
298380.3683511747	4137741.627091378	0
298380.37181822857	4137741.6316262046	0
298380.37528528244	4137741.636161031	0
298380.3787523363	4137741.640695858	0
298380.3822193902	4137741.6452306844	0
298380.385686444	4137741.649765511	0
298380.3891534979	4137741.6543003377	0
298380.39262055175	4137741.6588351643	0
298380.3960876056	4137741.663369991	0
298380.3995546595	4137741.667904817	0
298380.4030217133	4137741.6724396436	0
298380.4064887672	4137741.6769744703	0
298380.40995582106	4137741.681509297	0
298380.41342287493	4137741.6860441235	0
298380.41688992875	4137741.69057895	0
298380.4203569826	4137741.6951137767	0
298380.4238240365	4137741.6996486033	0
298380.42729109037	4137741.70418343	0
298380.43075814424	4137741.7087182566	0
298380.43422519806	4137741.713253083	0
298380.43769225193	4137741.71778791	0
298380.4411593058	4137741.7223227364	0
298380.4446263597	4137741.726857563	0
298380.44809341355	4137741.7313923896	0
298380.45156046737	4137741.7359272162	0
298380.45502752124	4137741.740462043	0
298380.4584945751	4137741.7449968695	0
298380.461961629	4137741.749531696	0
298380.46542868286	4137741.7540665227	0
298380.4688957367	4137741.7586013493	0
298380.47236279055	4137741.763136176	0
298380.4758298444	4137741.7676710025	0
298380.4792968983	4137741.772205829	0
298380.48276395217	4137741.776740656	0
298380.486231006	4137741.7812754824	0
298380.48969805986	4137741.785810309	0
298380.49316511373	4137741.7903451356	0
298380.4966321676	4137741.794879962	0
298380.5000992215	4137741.799414789	0
298380.5035662753	4137741.8039496155	0
298380.50703332917	4137741.8084844416	0
298380.51050038304	4137741.813019268	0
298380.5139674369	4137741.817554095	0
298380.5174344907	4137741.8220889214	0
298380.5209015446	4137741.826623748	0
298380.5243685985	4137741.8311585747	0
298380.52783565235	4137741.8356934013	0
298380.5313027062	4137741.840228228	0
298380.53476976004	4137741.8447630545	0
298380.5382368139	4137741.849297881	0
298380.5417038678	4137741.8538327077	0
298380.54517092166	4137741.8583675344	0
298380.54863797553	4137741.862902361	0
298380.55210502935	4137741.8674371876	0
298380.5555720832	4137741.871972014	0
298380.5590391371	4137741.876506841	0
298380.56250619097	4137741.8810416674	0
298380.56597324484	4137741.885576494	0
298380.56944029866	4137741.8901113207	0
298380.5729073525	4137741.8946461473	0
298380.5763744064	4137741.899180974	0
298380.5798414603	4137741.9037158005	0
298380.58330851415	4137741.908250627	0
298380.58677556796	4137741.9127854537	0
298380.59024262184	4137741.9173202803	0
298380.5937096757	4137741.921855107	0
298380.5971767296	4137741.9263899336	0
298380.60064378346	4137741.93092476	0
298380.6041108373	4137741.935459587	0
298380.60757789115	4137741.9399944134	0
298380.611044945	4137741.94452924	0
298380.6145119989	4137741.9490640666	0
298380.61797905277	4137741.953598893	0
298380.6214461066	4137741.9581337194	0
298380.62491316046	4137741.962668546	0
298380.62838021433	4137741.9672033726	0
298380.6318472682	4137741.9717381992	0
298380.635314322	4137741.976273026	0
298380.6387813759	4137741.9808078525	0
298380.64224842977	4137741.985342679	0
298380.64571548364	4137741.9898775057	0
298380.6491825375	4137741.9944123323	0
298380.6526495913	4137741.998947159	0
298380.6561166452	4137742.0034819855	0
298380.6595836991	4137742.008016812	0
298380.66305075295	4137742.0125516388	0
298380.6665178068	4137742.0170864654	0
298380.66998486064	4137742.021621292	0
298380.6734519145	4137742.0261561186	0
298380.6769189684	4137742.030690945	0
298380.68038602226	4137742.035225772	0
298380.68385307613	4137742.0397605984	0
298380.68732012995	4137742.044295425	0
298380.6907871838	4137742.0488302517	0
298380.6942542377	4137742.0533650783	0
298380.69772129157	4137742.057899905	0
298380.70118834544	4137742.0624347315	0
298380.70465539925	4137742.066969558	0
298380.7081224531	4137742.0715043847	0
298380.711589507	4137742.0760392114	0
298380.7150565609	4137742.080574038	0
298380.71852361475	4137742.0851088646	0
298380.72199066856	4137742.089643691	0
298380.72545772244	4137742.0941785173	0
298380.7289247763	4137742.098713344	0
298380.7323918302	4137742.1032481706	0
298380.735858884	4137742.107782997	0
298380.7393259379	4137742.112317824	0
298380.74279299175	4137742.1168526504	0
298380.7462600456	4137742.121387477	0
298380.7497270995	4137742.1259223036	0
298380.7531941533	4137742.1304571303	0
298380.7566612072	4137742.134991957	0
298380.76012826106	4137742.1395267835	0
298380.76359531493	4137742.14406161	0
298380.7670623688	4137742.1485964367	0
298380.7705294226	4137742.1531312633	0
298380.7739964765	4137742.15766609	0
298380.77746353036	4137742.1622009166	0
