326533.8392162884	4128072.924930198	0
326533.8463916402	4128072.925231494	0
326533.8535669919	4128072.92553279	0
326533.8607423437	4128072.9258340853	0
326533.86791769543	4128072.926135381	0
326533.8750930472	4128072.926436677	0
326533.882268399	4128072.926737973	0
326533.8894437507	4128072.927039269	0
326533.8966191025	4128072.9273405643	0
326533.9037944543	4128072.92764186	0
326533.910969806	4128072.927943156	0
326533.9181451578	4128072.928244452	0
326533.92532050953	4128072.928545748	0
326533.9324958613	4128072.9288470433	0
326533.9396712131	4128072.929148339	0
326533.9468465648	4128072.929449635	0
326533.9540219166	4128072.929750931	0
326533.9611972684	4128072.9300522264	0
326533.9683726201	4128072.9303535223	0
326533.9755479719	4128072.930654818	0
326533.9827233236	4128072.930956114	0
326533.9898986754	4128072.93125741	0
326533.9970740272	4128072.9315587054	0
326534.0042493789	4128072.9318600013	0
326534.0114247307	4128072.932161297	0
326534.01860008243	4128072.932462593	0
326534.0257754342	4128072.932763889	0
326534.032950786	4128072.9330651844	0
326534.0401261377	4128072.9333664803	0
326534.0473014895	4128072.933667776	0
326534.0544768413	4128072.933969072	0
326534.061652193	4128072.934270368	0
326534.0688275448	4128072.9345716634	0
326534.07600289653	4128072.9348729593	0
326534.0831782483	4128072.935174255	0
326534.0903536001	4128072.935475551	0
326534.0975289518	4128072.935776847	0
326534.1047043036	4128072.9360781424	0
326534.1118796554	4128072.9363794383	0
326534.1190550071	4128072.936680734	0
326534.1262303589	4128072.93698203	0
326534.1334057106	4128072.9372833255	0
326534.1405810624	4128072.9375846214	0
326534.1477564142	4128072.9378859173	0
326534.1549317659	4128072.938187213	0
326534.1621071177	4128072.938488509	0
326534.1692824695	4128072.9387898045	0
326534.1764578212	4128072.9390911004	0
326534.183633173	4128072.9393923962	0
326534.1908085247	4128072.939693692	0
326534.1979838765	4128072.939994988	0
326534.2051592283	4128072.9402962835	0
326534.21233458	4128072.9405975793	0
326534.2195099318	4128072.9408988752	0
326534.22668528353	4128072.941200171	0
326534.2338606353	4128072.941501467	0
326534.2410359871	4128072.9418027624	0
326534.2482113388	4128072.9421040583	0
326534.2553866906	4128072.942405354	0
326534.2625620424	4128072.94270665	0
326534.2697373941	4128072.943007946	0
326534.2769127459	4128072.9433092414	0
326534.28408809763	4128072.9436105373	0
326534.2912634494	4128072.943911833	0
326534.2984388012	4128072.944213129	0
326534.3056141529	4128072.944514425	0
326534.3127895047	4128072.9448157204	0
326534.3199648565	4128072.9451170163	0
326534.3271402082	4128072.945418312	0
326534.33431556	4128072.945719608	0
326534.3414909117	4128072.9460209035	0
326534.3486662635	4128072.9463221994	0
326534.3558416153	4128072.9466234953	0
326534.363016967	4128072.946924791	0
326534.3701923188	4128072.947226087	0
326534.37736767053	4128072.9475273825	0
326534.3845430223	4128072.9478286784	0
326534.3917183741	4128072.9481299743	0
326534.3988937258	4128072.94843127	0
326534.4060690776	4128072.948732566	0
326534.4132444294	4128072.9490338615	0
326534.4204197811	4128072.9493351574	0
326534.4275951329	4128072.9496364533	0
326534.43477048463	4128072.949937749	0
326534.4419458364	4128072.950239045	0
326534.4491211882	4128072.9505403405	0
326534.4562965399	4128072.9508416364	0
326534.4634718917	4128072.9511429323	0
326534.4706472435	4128072.951444228	0
326534.4778225952	4128072.951745524	0
326534.484997947	4128072.9520468195	0
326534.4921732987	4128072.9523481154	0
326534.4993486505	4128072.9526494113	0
326534.5065240023	4128072.952950707	0
326534.513699354	4128072.9532520026	0
326534.5208747058	4128072.9535532985	0
326534.5280500576	4128072.9538545944	0
326534.5352254093	4128072.9541558903	0
326534.5424007611	4128072.954457186	0
326534.5495761128	4128072.9547584816	0
326534.5567514646	4128072.9550597775	0
326534.5639268164	4128072.9553610734	0
326534.5711021681	4128072.9556623693	0
326534.5782775199	4128072.955963665	0
326534.58545287163	4128072.9562649606	0
326534.5926282234	4128072.9565662565	0
326534.5998035752	4128072.9568675524	0
326534.6069789269	4128072.9571688483	0
326534.6141542787	4128072.957470144	0
326534.6213296305	4128072.9577714396	0
326534.6285049822	4128072.9580727355	0
326534.635680334	4128072.9583740314	0
326534.6428556857	4128072.9586753272	0
326534.6500310375	4128072.958976623	0
326534.6572063893	4128072.9592779186	0
326534.664381741	4128072.9595792145	0
326534.6715570928	4128072.9598805103	0
326534.6787324446	4128072.9601818062	0
326534.6859077963	4128072.960483102	0
326534.6930831481	4128072.9607843976	0
326534.7002584998	4128072.9610856934	0
326534.7074338516	4128072.9613869893	0
326534.7146092034	4128072.961688285	0
326534.7217845551	4128072.9619895807	0
326534.7289599069	4128072.9622908765	0
326534.73613525863	4128072.9625921724	0
326534.7433106104	4128072.9628934683	0
326534.7504859622	4128072.963194764	0
326534.7576613139	4128072.9634960596	0
326534.7648366657	4128072.9637973555	0
326534.7720120175	4128072.9640986514	0
326534.7791873692	4128072.9643999473	0
326534.786362721	4128072.964701243	0
326534.7935380727	4128072.9650025386	0
326534.8007134245	4128072.9653038345	0
326534.8078887763	4128072.9656051304	0
326534.815064128	4128072.9659064263	0
326534.8222394798	4128072.966207722	0
326534.8294148316	4128072.9665090176	0
326534.8365901833	4128072.9668103135	0
326534.8437655351	4128072.9671116094	0
326534.8509408868	4128072.9674129053	0
326534.8581162386	4128072.967714201	0
326534.8652915904	4128072.9680154966	0
326534.8724669421	4128072.9683167925	0
326534.8796422939	4128072.9686180884	0
326534.88681764563	4128072.9689193843	0
326534.8939929974	4128072.9692206797	0
326534.9011683492	4128072.9695219756	0
326534.9083437009	4128072.9698232715	0
326534.9155190527	4128072.9701245674	0
326534.9226944045	4128072.9704258633	0
326534.9298697562	4128072.9707271587	0
326534.937045108	4128072.9710284546	0
326534.9442204597	4128072.9713297505	0
326534.9513958115	4128072.9716310464	0
326534.9585711633	4128072.9719323423	0
326534.965746515	4128072.9722336377	0
326534.9729218668	4128072.9725349336	0
326534.9800972186	4128072.9728362295	0
326534.9872725703	4128072.9731375254	0
326534.9944479221	4128072.9734388213	0
326535.0016232738	4128072.9737401167	0
326535.0087986256	4128072.9740414126	0
326535.0159739774	4128072.9743427085	0
326535.0231493291	4128072.9746440044	0
326535.0303246809	4128072.9749453003	0
326535.0375000327	4128072.9752465957	0
326535.0446753844	4128072.9755478916	0
326535.0518507362	4128072.9758491875	0
326535.0590260879	4128072.9761504834	0
326535.0662014397	4128072.976451779	0
326535.0733767915	4128072.9767530747	0
326535.0805521432	4128072.9770543706	0
326535.087727495	4128072.9773556665	0
326535.09490284673	4128072.9776569624	0
326535.1020781985	4128072.977958258	0
326535.1092535503	4128072.9782595537	0
326535.116428902	4128072.9785608496	0
326535.1236042538	4128072.9788621454	0
326535.1307796056	4128072.9791634413	0
326535.1379549573	4128072.9794647368	0
326535.1451303091	4128072.9797660327	0
326535.1523056608	4128072.9800673285	0
326535.1594810126	4128072.9803686244	0
326535.1666563644	4128072.9806699203	0
326535.1738317161	4128072.9809712158	0
326535.1810070679	4128072.9812725116	0
326535.1881824197	4128072.9815738075	0
326535.1953577714	4128072.9818751034	0
326535.2025331232	4128072.9821763993	0
326535.2097084749	4128072.9824776947	0
326535.2168838267	4128072.9827789906	0
326535.2240591785	4128072.9830802865	0
326535.2312345302	4128072.9833815824	0
326535.238409882	4128072.9836828783	0
326535.24558523373	4128072.9839841737	0
326535.2527605855	4128072.9842854696	0
326535.2599359373	4128072.9845867655	0
326535.267111289	4128072.9848880614	0
326535.2742866408	4128072.985189357	0
326535.2814619926	4128072.9854906527	0
326535.2886373443	4128072.9857919486	0
326535.2958126961	4128072.9860932445	0
326535.3029880478	4128072.9863945404	0
326535.3101633996	4128072.986695836	0
326535.3173387514	4128072.9869971317	0
326535.3245141031	4128072.9872984276	0
326535.3316894549	4128072.9875997235	0
326535.3388648067	4128072.9879010194	0
326535.3460401584	4128072.988202315	0
326535.3532155102	4128072.9885036107	0
326535.3603908619	4128072.9888049066	0
326535.3675662137	4128072.9891062025	0
326535.3747415655	4128072.9894074984	0
326535.3819169172	4128072.989708794	0
326535.389092269	4128072.9900100897	0
326535.39626762073	4128072.9903113856	0
326535.4034429725	4128072.9906126815	0
326535.4106183243	4128072.9909139774	0
326535.417793676	4128072.991215273	0
326535.4249690278	4128072.9915165687	0
326535.4321443796	4128072.9918178646	0
326535.4393197313	4128072.9921191605	0
326535.4464950831	4128072.992420456	0
326535.4536704348	4128072.992721752	0
326535.4608457866	4128072.9930230477	0
326535.4680211384	4128072.9933243436	0
326535.4751964901	4128072.9936256395	0
326535.4823718419	4128072.993926935	0
326535.4895471937	4128072.994228231	0
326535.4967225454	4128072.9945295267	0
326535.5038978972	4128072.9948308226	0
326535.5110732489	4128072.9951321185	0
326535.5182486007	4128072.995433414	0
326535.5254239525	4128072.99573471	0
326535.5325993042	4128072.9960360057	0
326535.539774656	4128072.9963373016	0
326535.5469500078	4128072.9966385975	0
326535.5541253595	4128072.996939893	0
326535.5613007113	4128072.997241189	0
326535.568476063	4128072.9975424847	0
326535.5756514148	4128072.9978437806	0
326535.5828267666	4128072.9981450764	0
326535.5900021183	4128072.998446372	0
326535.5971774701	4128072.9987476678	0
326535.6043528218	4128072.9990489637	0
326535.6115281736	4128072.9993502595	0
326535.6187035254	4128072.9996515554	0
326535.6258788771	4128072.999952851	0
326535.6330542289	4128073.0002541468	0
326535.6402295807	4128073.0005554426	0
326535.6474049324	4128073.0008567385	0
326535.6545802842	4128073.001158034	0
326535.6617556359	4128073.00145933	0
326535.6689309877	4128073.0017606257	0
326535.6761063395	4128073.0020619216	0
326535.6832816912	4128073.0023632175	0
326535.690457043	4128073.002664513	0
326535.6976323948	4128073.002965809	0
326535.7048077465	4128073.0032671047	0
326535.7119830983	4128073.0035684006	0
326535.71915845	4128073.0038696965	0
326535.7263338018	4128073.004170992	0
326535.7335091536	4128073.004472288	0
326535.7406845053	4128073.0047735837	0
326535.7478598571	4128073.0050748796	0
326535.75503520883	4128073.0053761755	0
326535.7622105606	4128073.005677471	0
326535.7693859124	4128073.005978767	0
326535.7765612641	4128073.0062800627	0
326535.7837366159	4128073.0065813586	0
326535.7909119677	4128073.0068826545	0
326535.7980873194	4128073.00718395	0
326535.8052626712	4128073.007485246	0
326535.8124380229	4128073.0077865417	0
326535.8196133747	4128073.0080878376	0
326535.8267887265	4128073.008389133	0
326535.8339640782	4128073.008690429	0
326535.84113943	4128073.008991725	0
326535.8483147818	4128073.0092930207	0
326535.8554901335	4128073.0095943166	0
326535.8626654853	4128073.009895612	0
326535.869840837	4128073.010196908	0
326535.8770161888	4128073.010498204	0
326535.8841915406	4128073.0107994997	0
326535.8913668923	4128073.0111007956	0
326535.8985422441	4128073.011402091	0
326535.9057175959	4128073.011703387	0
326535.9128929476	4128073.012004683	0
326535.9200682994	4128073.0123059787	0
326535.9272436511	4128073.0126072746	0
326535.9344190029	4128073.01290857	0
326535.9415943547	4128073.013209866	0
326535.9487697064	4128073.013511162	0
326535.9559450582	4128073.0138124577	0
326535.9631204099	4128073.0141137536	0
326535.9702957617	4128073.014415049	0
326535.9774711135	4128073.014716345	0
326535.9846464652	4128073.015017641	0
326535.991821817	4128073.0153189367	0
326535.9989971688	4128073.0156202326	0
326536.0061725205	4128073.015921528	0
326536.0133478723	4128073.016222824	0
326536.020523224	4128073.01652412	0
326536.0276985758	4128073.0168254157	0
326536.0348739276	4128073.017126711	0
326536.0420492793	4128073.017428007	0
326536.0492246311	4128073.017729303	0
326536.0563999829	4128073.0180305988	0
326536.0635753346	4128073.0183318947	0
326536.0707506864	4128073.01863319	0
326536.0779260381	4128073.018934486	0
326536.0851013899	4128073.019235782	0
326536.0922767417	4128073.0195370778	0
326536.0994520934	4128073.0198383736	0
326536.1066274452	4128073.020139669	0
326536.1138027969	4128073.020440965	0
326536.1209781487	4128073.020742261	0
326536.1281535005	4128073.0210435567	0
326536.1353288522	4128073.0213448526	0
326536.142504204	4128073.021646148	0
326536.1496795558	4128073.021947444	0
326536.1568549075	4128073.02224874	0
326536.1640302593	4128073.0225500357	0
326536.171205611	4128073.0228513316	0
326536.1783809628	4128073.023152627	0
326536.1855563146	4128073.023453923	0
326536.1927316663	4128073.023755219	0
326536.1999070181	4128073.0240565147	0
326536.2070823699	4128073.02435781	0
326536.2142577216	4128073.024659106	0
326536.2214330734	4128073.024960402	0
326536.2286084251	4128073.025261698	0
326536.2357837769	4128073.0255629937	0
326536.2429591287	4128073.025864289	0
326536.2501344804	4128073.026165585	0
326536.2573098322	4128073.026466881	0
326536.2644851839	4128073.026768177	0
326536.2716605357	4128073.0270694727	0
326536.2788358875	4128073.027370768	0
326536.2860112392	4128073.027672064	0
326536.293186591	4128073.02797336	0
326536.3003619428	4128073.028274656	0
326536.3075372945	4128073.0285759517	0
326536.3147126463	4128073.028877247	0
326536.321887998	4128073.029178543	0
326536.3290633498	4128073.029479839	0
326536.3362387016	4128073.029781135	0
326536.3434140533	4128073.0300824307	0
326536.3505894051	4128073.030383726	0
326536.3577647569	4128073.030685022	0
326536.3649401086	4128073.030986318	0
326536.3721154604	4128073.031287614	0
326536.3792908121	4128073.0315889097	0
326536.3864661639	4128073.031890205	0
326536.3936415157	4128073.032191501	0
326536.4008168674	4128073.032492797	0
326536.4079922192	4128073.032794093	0
326536.415167571	4128073.033095388	0
326536.4223429227	4128073.033396684	0
326536.4295182745	4128073.03369798	0
326536.4366936262	4128073.033999276	0
326536.443868978	4128073.034300572	0
326536.4510443298	4128073.034601867	0
326536.4582196815	4128073.034903163	0
326536.4653950333	4128073.035204459	0
326536.472570385	4128073.035505755	0
326536.4797457368	4128073.0358070508	0
326536.4869210886	4128073.036108346	0
326536.4940964403	4128073.036409642	0
326536.5012717921	4128073.036710938	0
326536.5084471439	4128073.037012234	0
326536.5156224956	4128073.0373135298	0
326536.5227978474	4128073.037614825	0
326536.5299731991	4128073.037916121	0
326536.5371485509	4128073.038217417	0
326536.5443239027	4128073.038518713	0
326536.5514992544	4128073.0388200087	0
326536.5586746062	4128073.039121304	0
326536.565849958	4128073.0394226	0
326536.5730253097	4128073.039723896	0
326536.5802006615	4128073.040025192	0
326536.5873760132	4128073.0403264873	0
326536.594551365	4128073.040627783	0
326536.6017267168	4128073.040929079	0
326536.6089020685	4128073.041230375	0
326536.6160774203	4128073.041531671	0
326536.623252772	4128073.0418329663	0
326536.6304281238	4128073.042134262	0
326536.6376034756	4128073.042435558	0
326536.6447788273	4128073.042736854	0
326536.6519541791	4128073.04303815	0
326536.6591295309	4128073.0433394453	0
326536.6663048826	4128073.043640741	0
326536.6734802344	4128073.043942037	0
326536.6806555861	4128073.044243333	0
326536.6878309379	4128073.044544629	0
326536.6950062897	4128073.0448459242	0
326536.7021816414	4128073.04514722	0
326536.7093569932	4128073.045448516	0
326536.716532345	4128073.045749812	0
326536.7237076967	4128073.046051108	0
326536.7308830485	4128073.0463524032	0
326536.7380584002	4128073.046653699	0
326536.745233752	4128073.046954995	0
326536.7524091038	4128073.047256291	0
326536.7595844555	4128073.047557587	0
326536.7667598073	4128073.047858882	0
326536.7739351591	4128073.048160178	0
326536.7811105108	4128073.048461474	0
326536.7882858626	4128073.04876277	0
326536.7954612143	4128073.0490640653	0
326536.8026365661	4128073.049365361	0
326536.8098119179	4128073.049666657	0
326536.8169872696	4128073.049967953	0
326536.8241626214	4128073.050269249	0
326536.8313379731	4128073.0505705443	0
326536.8385133249	4128073.05087184	0
326536.8456886767	4128073.051173136	0
326536.8528640284	4128073.051474432	0
326536.8600393802	4128073.051775728	0
326536.867214732	4128073.0520770233	0
326536.8743900837	4128073.052378319	0
326536.8815654355	4128073.052679615	0
326536.8887407872	4128073.052980911	0
326536.895916139	4128073.053282207	0
326536.9030914908	4128073.0535835023	0
326536.9102668425	4128073.053884798	0
326536.9174421943	4128073.054186094	0
326536.9246175461	4128073.05448739	0
326536.9317928978	4128073.054788686	0
326536.9389682496	4128073.0550899813	0
326536.9461436013	4128073.055391277	0
326536.9533189531	4128073.055692573	0
326536.9604943049	4128073.055993869	0
326536.9676696566	4128073.0562951644	0
326536.9748450084	4128073.0565964603	0
326536.9820203601	4128073.056897756	0
326536.9891957119	4128073.057199052	0
326536.9963710637	4128073.057500348	0
326537.0035464154	4128073.0578016434	0
326537.0107217672	4128073.0581029393	0
326537.017897119	4128073.058404235	0
326537.0250724707	4128073.058705531	0
326537.0322478225	4128073.059006827	0
326537.0394231742	4128073.0593081224	0
326537.046598526	4128073.0596094183	0
326537.0537738778	4128073.059910714	0
326537.0609492295	4128073.06021201	0
326537.0681245813	4128073.060513306	0
326537.0752999331	4128073.0608146014	0
326537.0824752848	4128073.0611158973	0
326537.0896506366	4128073.061417193	0
326537.0968259883	4128073.061718489	0
326537.1040013401	4128073.062019785	0
326537.1111766919	4128073.0623210804	0
326537.1183520436	4128073.0626223763	0
326537.1255273954	4128073.062923672	0
326537.1327027471	4128073.063224968	0
326537.1398780989	4128073.063526264	0
326537.1470534507	4128073.0638275594	0
326537.1542288024	4128073.0641288552	0
326537.1614041542	4128073.064430151	0
326537.168579506	4128073.064731447	0
326537.1757548577	4128073.0650327425	0
326537.1829302095	4128073.0653340383	0
326537.1901055612	4128073.0656353342	0
326537.197280913	4128073.06593663	0
326537.2044562648	4128073.066237926	0
326537.2116316165	4128073.0665392214	0
326537.2188069683	4128073.0668405173	0
326537.2259823201	4128073.067141813	0
326537.2331576718	4128073.067443109	0
326537.2403330236	4128073.067744405	0
326537.2475083753	4128073.0680457004	0
326537.2546837271	4128073.0683469963	0
326537.2618590789	4128073.068648292	0
326537.2690344306	4128073.068949588	0
326537.2762097824	4128073.069250884	0
326537.2833851342	4128073.0695521794	0
326537.2905604859	4128073.0698534753	0
326537.2977358377	4128073.070154771	0
326537.3049111894	4128073.070456067	0
326537.3120865412	4128073.070757363	0
326537.319261893	4128073.0710586584	0
326537.3264372447	4128073.0713599543	0
326537.3336125965	4128073.07166125	0
326537.3407879482	4128073.071962546	0
326537.3479633	4128073.0722638415	0
326537.3551386518	4128073.0725651374	0
326537.3623140035	4128073.0728664333	0
326537.3694893553	4128073.073167729	0
326537.3766647071	4128073.073469025	0
326537.3838400588	4128073.0737703205	0
326537.3910154106	4128073.0740716164	0
326537.3981907623	4128073.0743729123	0
326537.4053661141	4128073.074674208	0
326537.4125414659	4128073.074975504	0
326537.4197168176	4128073.0752767995	0
326537.4268921694	4128073.0755780954	0
326537.4340675212	4128073.0758793913	0
326537.4412428729	4128073.076180687	0
326537.4484182247	4128073.076481983	0
326537.4555935764	4128073.0767832785	0
326537.4627689282	4128073.0770845744	0
326537.46994428	4128073.0773858703	0
326537.4771196317	4128073.077687166	0
326537.4842949835	4128073.077988462	0
326537.4914703352	4128073.0782897575	0
326537.498645687	4128073.0785910534	0
326537.5058210388	4128073.0788923493	0
326537.5129963905	4128073.079193645	0
326537.5201717423	4128073.0794949406	0
326537.5273470941	4128073.0797962365	0
326537.5345224458	4128073.0800975324	0
326537.5416977976	4128073.0803988283	0
326537.5488731493	4128073.080700124	0
326537.5560485011	4128073.0810014196	0
326537.5632238529	4128073.0813027155	0
326537.5703992046	4128073.0816040114	0
326537.5775745564	4128073.0819053072	0
326537.5847499082	4128073.082206603	0
326537.5919252599	4128073.0825078986	0
326537.5991006117	4128073.0828091945	0
326537.6062759634	4128073.0831104903	0
326537.6134513152	4128073.0834117862	0
326537.620626667	4128073.083713082	0
326537.6278020187	4128073.0840143776	0
326537.6349773705	4128073.0843156734	0
326537.6421527222	4128073.0846169693	0
326537.649328074	4128073.084918265	0
326537.6565034258	4128073.085219561	0
326537.6636787775	4128073.0855208565	0
326537.6708541293	4128073.0858221524	0
326537.6780294811	4128073.0861234483	0
326537.6852048328	4128073.086424744	0
326537.6923801846	4128073.08672604	0
326537.6995555363	4128073.0870273355	0
326537.7067308881	4128073.0873286314	0
326537.7139062399	4128073.0876299273	0
326537.7210815916	4128073.087931223	0
326537.7282569434	4128073.0882325186	0
326537.7354322952	4128073.0885338145	0
326537.7426076469	4128073.0888351104	0
326537.7497829987	4128073.0891364063	0
326537.7569583504	4128073.089437702	0
326537.7641337022	4128073.0897389976	0
326537.771309054	4128073.0900402935	0
326537.7784844057	4128073.0903415894	0
326537.7856597575	4128073.0906428853	0
326537.7928351093	4128073.090944181	0
326537.800010461	4128073.0912454766	0
326537.8071858128	4128073.0915467725	0
326537.8143611645	4128073.0918480684	0
326537.8215365163	4128073.0921493643	0
326537.8287118681	4128073.09245066	0
326537.8358872198	4128073.0927519556	0
326537.8430625716	4128073.0930532515	0
326537.8502379233	4128073.0933545474	0
326537.8574132751	4128073.0936558433	0
326537.8645886269	4128073.093957139	0
326537.8717639786	4128073.0942584346	0
326537.8789393304	4128073.0945597305	0
326537.8861146822	4128073.0948610264	0
326537.8932900339	4128073.0951623223	0
326537.9004653857	4128073.0954636177	0
326537.9076407374	4128073.0957649136	0
326537.9148160892	4128073.0960662095	0
326537.921991441	4128073.0963675054	0
326537.9291667927	4128073.0966688013	0
326537.9363421445	4128073.0969700967	0
326537.9435174963	4128073.0972713926	0
326537.950692848	4128073.0975726885	0
326537.9578681998	4128073.0978739844	0
326537.9650435515	4128073.0981752803	0
326537.9722189033	4128073.0984765757	0
326537.9793942551	4128073.0987778716	0
326537.9865696068	4128073.0990791675	0
326537.9937449586	4128073.0993804634	0
326538.0009203103	4128073.0996817593	0
326538.0080956621	4128073.0999830547	0
326538.0152710139	4128073.1002843506	0
326538.0224463656	4128073.1005856465	0
326538.0296217174	4128073.1008869424	0
326538.0367970692	4128073.1011882382	0
326538.0439724209	4128073.1014895337	0
326538.0511477727	4128073.1017908296	0
326538.0583231244	4128073.1020921255	0
326538.0654984762	4128073.1023934213	0
326538.072673828	4128073.1026947172	0
326538.0798491797	4128073.1029960127	0
326538.0870245315	4128073.1032973086	0
326538.0941998833	4128073.1035986044	0
326538.101375235	4128073.1038999003	0
326538.1085505868	4128073.1042011958	0
326538.1157259385	4128073.1045024917	0
326538.1229012903	4128073.1048037875	0
326538.1300766421	4128073.1051050834	0
326538.1372519938	4128073.1054063793	0
326538.1444273456	4128073.1057076748	0
326538.1516026974	4128073.1060089706	0
326538.1587780491	4128073.1063102665	0
326538.1659534009	4128073.1066115624	0
326538.1731287526	4128073.1069128583	0
326538.1803041044	4128073.1072141537	0
326538.1874794562	4128073.1075154496	0
326538.1946548079	4128073.1078167455	0
326538.2018301597	4128073.1081180414	0
326538.2090055114	4128073.1084193373	0
326538.2161808632	4128073.1087206327	0
326538.223356215	4128073.1090219286	0
326538.2305315667	4128073.1093232245	0
326538.2377069185	4128073.1096245204	0
326538.2448822703	4128073.1099258163	0
326538.252057622	4128073.1102271117	0
326538.2592329738	4128073.1105284076	0
326538.2664083255	4128073.1108297035	0
326538.2735836773	4128073.1111309994	0
326538.2807590291	4128073.111432295	0
326538.2879343808	4128073.1117335907	0
326538.2951097326	4128073.1120348866	0
326538.3022850844	4128073.1123361825	0
326538.3094604361	4128073.1126374784	0
326538.3166357879	4128073.112938774	0
326538.3238111396	4128073.1132400697	0
326538.3309864914	4128073.1135413656	0
326538.3381618432	4128073.1138426615	0
326538.3453371949	4128073.1141439574	0
326538.3525125467	4128073.114445253	0
326538.3596878984	4128073.1147465487	0
326538.3668632502	4128073.1150478446	0
326538.374038602	4128073.1153491405	0
326538.3812139537	4128073.1156504364	0
326538.3883893055	4128073.115951732	0
326538.3955646573	4128073.1162530277	0
326538.402740009	4128073.1165543236	0
326538.4099153608	4128073.1168556195	0
326538.4170907125	4128073.1171569154	0
326538.4242660643	4128073.117458211	0
326538.4314414161	4128073.1177595067	0
326538.4386167678	4128073.1180608026	0
326538.4457921196	4128073.1183620985	0
326538.4529674714	4128073.1186633944	0
326538.4601428231	4128073.11896469	0
326538.4673181749	4128073.1192659857	0
326538.4744935266	4128073.1195672816	0
326538.4816688784	4128073.1198685775	0
326538.4888442302	4128073.120169873	0
326538.4960195819	4128073.120471169	0
326538.5031949337	4128073.1207724647	0
326538.5103702854	4128073.1210737606	0
326538.5175456372	4128073.1213750564	0
326538.524720989	4128073.121676352	0
326538.5318963407	4128073.1219776478	0
326538.5390716925	4128073.1222789437	0
326538.5462470443	4128073.1225802395	0
326538.553422396	4128073.1228815354	0
326538.5605977478	4128073.123182831	0
326538.5677730995	4128073.1234841268	0
326538.5749484513	4128073.1237854226	0
326538.5821238031	4128073.1240867185	0
326538.5892991548	4128073.1243880144	0
326538.5964745066	4128073.12468931	0
326538.6036498584	4128073.1249906057	0
326538.6108252101	4128073.1252919016	0
326538.6180005619	4128073.1255931975	0
326538.6251759136	4128073.1258944934	0
326538.6323512654	4128073.126195789	0
326538.6395266172	4128073.1264970847	0
326538.6467019689	4128073.1267983806	0
326538.6538773207	4128073.1270996765	0
326538.6610526725	4128073.127400972	0
326538.6682280242	4128073.127702268	0
326538.675403376	4128073.1280035637	0
326538.6825787277	4128073.1283048596	0
326538.6897540795	4128073.1286061555	0
326538.6969294313	4128073.128907451	0
326538.704104783	4128073.129208747	0
326538.7112801348	4128073.1295100427	0
326538.7184554865	4128073.1298113386	0
326538.7256308383	4128073.1301126345	0
326538.7328061901	4128073.13041393	0
326538.7399815418	4128073.130715226	0
326538.7471568936	4128073.1310165217	0
326538.7543322454	4128073.1313178176	0
326538.7615075971	4128073.1316191135	0
326538.7686829489	4128073.131920409	0
326538.7758583006	4128073.132221705	0
326538.7830336524	4128073.1325230007	0
326538.7902090042	4128073.1328242966	0
326538.7973843559	4128073.1331255925	0
326538.8045597077	4128073.133426888	0
326538.8117350595	4128073.133728184	0
326538.8189104112	4128073.1340294797	0
326538.826085763	4128073.1343307756	0
326538.8332611147	4128073.1346320715	0
326538.8404364665	4128073.134933367	0
326538.8476118183	4128073.135234663	0
326538.85478717	4128073.1355359587	0
326538.8619625218	4128073.1358372546	0
326538.8691378735	4128073.13613855	0
326538.8763132253	4128073.136439846	0
326538.8834885771	4128073.136741142	0
326538.8906639288	4128073.1370424377	0
326538.8978392806	4128073.1373437336	0
326538.9050146324	4128073.137645029	0
326538.9121899841	4128073.137946325	0
326538.9193653359	4128073.138247621	0
326538.9265406876	4128073.1385489167	0
326538.9337160394	4128073.1388502126	0
326538.9408913912	4128073.139151508	0
326538.9480667429	4128073.139452804	0
326538.9552420947	4128073.1397541	0
326538.9624174465	4128073.1400553957	0
326538.9695927982	4128073.1403566916	0
326538.97676815	4128073.140657987	0
326538.9839435017	4128073.140959283	0
326538.9911188535	4128073.1412605788	0
326538.9982942053	4128073.1415618747	0
326539.005469557	4128073.1418631705	0
326539.0126449088	4128073.142164466	0
326539.0198202606	4128073.142465762	0
326539.0269956123	4128073.1427670578	0
326539.0341709641	4128073.1430683536	0
326539.0413463158	4128073.143369649	0
326539.0485216676	4128073.143670945	0
326539.0556970194	4128073.143972241	0
326539.0628723711	4128073.1442735367	0
326539.0700477229	4128073.1445748326	0
326539.0772230746	4128073.144876128	0
326539.0843984264	4128073.145177424	0
326539.0915737782	4128073.14547872	0
326539.0987491299	4128073.1457800157	0
326539.1059244817	4128073.1460813116	0
326539.1130998335	4128073.146382607	0
326539.1202751852	4128073.146683903	0
326539.127450537	4128073.146985199	0
326539.1346258887	4128073.1472864947	0
326539.1418012405	4128073.1475877906	0
326539.1489765923	4128073.147889086	0
326539.156151944	4128073.148190382	0
326539.1633272958	4128073.148491678	0
326539.1705026476	4128073.1487929737	0
326539.1776779993	4128073.1490942696	0
326539.1848533511	4128073.149395565	0
326539.1920287028	4128073.149696861	0
326539.1992040546	4128073.149998157	0
326539.2063794064	4128073.1502994527	0
326539.2135547581	4128073.1506007486	0
326539.2207301099	4128073.150902044	0
326539.2279054616	4128073.15120334	0
326539.2350808134	4128073.151504636	0
326539.2422561652	4128073.1518059317	0
326539.2494315169	4128073.152107227	0
326539.2566068687	4128073.152408523	0
326539.2637822205	4128073.152709819	0
326539.2709575722	4128073.153011115	0
326539.278132924	4128073.1533124107	0
326539.2853082757	4128073.153613706	0
326539.2924836275	4128073.153915002	0
326539.2996589793	4128073.154216298	0
326539.306834331	4128073.154517594	0
326539.3140096828	4128073.1548188897	0
326539.3211850346	4128073.155120185	0
326539.3283603863	4128073.155421481	0
326539.3355357381	4128073.155722777	0
326539.3427110898	4128073.156024073	0
326539.3498864416	4128073.1563253687	0
326539.3570617934	4128073.156626664	0
326539.3642371451	4128073.15692796	0
326539.3714124969	4128073.157229256	0
326539.3785878486	4128073.157530552	0
326539.3857632004	4128073.1578318477	0
326539.3929385522	4128073.158133143	0
326539.4001139039	4128073.158434439	0
326539.4072892557	4128073.158735735	0
326539.4144646075	4128073.159037031	0
326539.4216399592	4128073.159338326	0
326539.428815311	4128073.159639622	0
326539.4359906627	4128073.159940918	0
326539.4431660145	4128073.160242214	0
326539.4503413663	4128073.1605435098	0
326539.457516718	4128073.160844805	0
326539.4646920698	4128073.161146101	0
326539.4718674216	4128073.161447397	0
326539.4790427733	4128073.161748693	0
326539.4862181251	4128073.1620499888	0
326539.4933934768	4128073.162351284	0
326539.5005688286	4128073.16265258	0
326539.5077441804	4128073.162953876	0
326539.5149195321	4128073.163255172	0
326539.5220948839	4128073.1635564677	0
326539.5292702357	4128073.163857763	0
326539.5364455874	4128073.164159059	0
326539.5436209392	4128073.164460355	0
326539.5507962909	4128073.164761651	0
326539.5579716427	4128073.1650629467	0
326539.5651469945	4128073.165364242	0
326539.5723223462	4128073.165665538	0
326539.579497698	4128073.165966834	0
326539.5866730497	4128073.16626813	0
326539.5938484015	4128073.1665694257	0
326539.6010237533	4128073.166870721	0
326539.608199105	4128073.167172017	0
326539.6153744568	4128073.167473313	0
326539.6225498086	4128073.167774609	0
326539.6297251603	4128073.1680759043	0
326539.6369005121	4128073.1683772	0
326539.6440758638	4128073.168678496	0
326539.6512512156	4128073.168979792	0
326539.6584265674	4128073.169281088	0
326539.6656019191	4128073.1695823832	0
326539.6727772709	4128073.169883679	0
326539.6799526227	4128073.170184975	0
326539.6871279744	4128073.170486271	0
326539.6943033262	4128073.170787567	0
326539.7014786779	4128073.1710888622	0
326539.7086540297	4128073.171390158	0
326539.7158293815	4128073.171691454	0
326539.7230047332	4128073.17199275	0
326539.730180085	4128073.172294046	0
326539.7373554367	4128073.172595341	0
326539.7445307885	4128073.172896637	0
326539.7517061403	4128073.173197933	0
326539.758881492	4128073.173499229	0
326539.7660568438	4128073.173800525	0
326539.7732321956	4128073.17410182	0
326539.7804075473	4128073.174403116	0
326539.7875828991	4128073.174704412	0
326539.7947582508	4128073.175005708	0
326539.8019336026	4128073.1753070033	0
326539.8091089544	4128073.175608299	0
326539.8162843061	4128073.175909595	0
326539.8234596579	4128073.176210891	0
326539.8306350097	4128073.176512187	0
326539.8378103614	4128073.1768134823	0
326539.8449857132	4128073.177114778	0
326539.8521610649	4128073.177416074	0
326539.8593364167	4128073.17771737	0
326539.8665117685	4128073.178018666	0
326539.8736871202	4128073.1783199613	0
326539.880862472	4128073.178621257	0
326539.8880378237	4128073.178922553	0
326539.8952131755	4128073.179223849	0
326539.9023885273	4128073.179525145	0
326539.909563879	4128073.1798264403	0
326539.9167392308	4128073.180127736	0
326539.9239145826	4128073.180429032	0
326539.9310899343	4128073.180730328	0
326539.9382652861	4128073.181031624	0
326539.9454406378	4128073.1813329193	0
326539.9526159896	4128073.181634215	0
326539.9597913414	4128073.181935511	0
326539.9669666931	4128073.182236807	0
326539.9741420449	4128073.1825381024	0
326539.9813173967	4128073.1828393983	0
326539.9884927484	4128073.183140694	0
326539.9956681002	4128073.18344199	0
326540.0028434519	4128073.183743286	0
326540.0100188037	4128073.1840445814	0
326540.0171941555	4128073.1843458773	0
326540.0243695072	4128073.184647173	0
326540.031544859	4128073.184948469	0
326540.0387202108	4128073.185249765	0
326540.0458955625	4128073.1855510604	0
326540.0530709143	4128073.1858523563	0
326540.060246266	4128073.186153652	0
326540.0674216178	4128073.186454948	0
326540.0745969696	4128073.186756244	0
326540.0817723213	4128073.1870575394	0
326540.0889476731	4128073.1873588352	0
326540.0961230248	4128073.187660131	0
326540.1032983766	4128073.187961427	0
326540.1104737284	4128073.188262723	0
326540.1176490801	4128073.1885640183	0
326540.1248244319	4128073.1888653142	0
326540.1319997837	4128073.18916661	0
326540.1391751354	4128073.189467906	0
326540.1463504872	4128073.189769202	0
326540.1535258389	4128073.1900704973	0
326540.1607011907	4128073.190371793	0
326540.1678765425	4128073.190673089	0
326540.1750518942	4128073.190974385	0
326540.182227246	4128073.1912756804	0
326540.1894025978	4128073.1915769763	0
326540.1965779495	4128073.191878272	0
326540.2037533013	4128073.192179568	0
326540.210928653	4128073.192480864	0
326540.2181040048	4128073.1927821594	0
326540.2252793566	4128073.1930834553	0
326540.2324547083	4128073.193384751	0
326540.2396300601	4128073.193686047	0
326540.2468054118	4128073.193987343	0
326540.2539807636	4128073.1942886384	0
326540.2611561154	4128073.1945899343	0
326540.2683314671	4128073.19489123	0
326540.2755068189	4128073.195192526	0
326540.2826821707	4128073.195493822	0
326540.2898575224	4128073.1957951174	0
326540.2970328742	4128073.1960964133	0
326540.3042082259	4128073.196397709	0
326540.3113835777	4128073.196699005	0
326540.3185589295	4128073.197000301	0
326540.3257342812	4128073.1973015964	0
326540.332909633	4128073.1976028923	0
326540.3400849848	4128073.197904188	0
326540.3472603365	4128073.198205484	0
326540.3544356883	4128073.1985067795	0
326540.36161104	4128073.1988080754	0
326540.3687863918	4128073.1991093713	0
326540.3759617436	4128073.199410667	0
326540.3831370953	4128073.199711963	0
326540.3903124471	4128073.2000132585	0
326540.3974877989	4128073.2003145544	0
326540.4046631506	4128073.2006158503	0
326540.4118385024	4128073.200917146	0
326540.4190138541	4128073.201218442	0
326540.4261892059	4128073.2015197375	0
326540.4333645577	4128073.2018210334	0
326540.4405399094	4128073.2021223293	0
326540.4477152612	4128073.202423625	0
326540.4548906129	4128073.202724921	0
326540.4620659647	4128073.2030262165	0
326540.4692413165	4128073.2033275124	0
326540.4764166682	4128073.2036288083	0
326540.48359202	4128073.203930104	0
326540.4907673718	4128073.2042314	0
326540.4979427235	4128073.2045326955	0
326540.5051180753	4128073.2048339914	0
326540.512293427	4128073.2051352873	0
326540.5194687788	4128073.205436583	0
326540.5266441306	4128073.205737879	0
326540.5338194823	4128073.2060391745	0
326540.5409948341	4128073.2063404704	0
326540.5481701859	4128073.2066417662	0
326540.5553455376	4128073.206943062	0
326540.5625208894	4128073.2072443576	0
326540.5696962411	4128073.2075456535	0
326540.5768715929	4128073.2078469493	0
326540.5840469447	4128073.2081482452	0
326540.5912222964	4128073.208449541	0
326540.5983976482	4128073.2087508366	0
326540.6055729999	4128073.2090521324	0
326540.6127483517	4128073.2093534283	0
326540.6199237035	4128073.209654724	0
326540.6270990552	4128073.20995602	0
326540.634274407	4128073.2102573155	0
326540.6414497588	4128073.2105586114	0
326540.6486251105	4128073.2108599073	0
326540.6558004623	4128073.211161203	0
326540.662975814	4128073.211462499	0
326540.6701511658	4128073.2117637945	0
326540.6773265176	4128073.2120650904	0
326540.6845018693	4128073.2123663863	0
326540.6916772211	4128073.212667682	0
326540.6988525729	4128073.212968978	0
326540.7060279246	4128073.2132702735	0
326540.7132032764	4128073.2135715694	0
326540.7203786281	4128073.2138728653	0
326540.7275539799	4128073.214174161	0
326540.7347293317	4128073.2144754566	0
326540.7419046834	4128073.2147767525	0
326540.7490800352	4128073.2150780484	0
326540.7562553869	4128073.2153793443	0
326540.7634307387	4128073.21568064	0
326540.7706060905	4128073.2159819356	0
326540.7777814422	4128073.2162832315	0
326540.784956794	4128073.2165845274	0
326540.7921321458	4128073.2168858233	0
326540.7993074975	4128073.217187119	0
326540.8064828493	4128073.2174884146	0
326540.813658201	4128073.2177897105	0
326540.8208335528	4128073.2180910064	0
326540.8280089046	4128073.2183923023	0
326540.8351842563	4128073.218693598	0
326540.8423596081	4128073.2189948936	0
326540.8495349599	4128073.2192961895	0
326540.8567103116	4128073.2195974854	0
326540.8638856634	4128073.2198987813	0
326540.8710610151	4128073.220200077	0
326540.8782363669	4128073.2205013726	0
326540.8854117187	4128073.2208026685	0
326540.8925870704	4128073.2211039644	0
326540.8997624222	4128073.2214052603	0
326540.906937774	4128073.221706556	0
326540.9141131257	4128073.2220078516	0
326540.9212884775	4128073.2223091475	0
326540.9284638292	4128073.2226104434	0
326540.935639181	4128073.2229117393	0
326540.9428145328	4128073.2232130347	0
326540.9499898845	4128073.2235143306	0
326540.9571652363	4128073.2238156265	0
326540.964340588	4128073.2241169224	0
326540.9715159398	4128073.2244182182	0
326540.9786912916	4128073.2247195137	0
326540.9858666433	4128073.2250208096	0
326540.9930419951	4128073.2253221055	0
326541.0002173469	4128073.2256234013	0
326541.0073926986	4128073.2259246972	0
326541.0145680504	4128073.2262259927	0
326541.0217434021	4128073.2265272886	0
326541.0289187539	4128073.2268285844	0
326541.0360941057	4128073.2271298803	0
326541.0432694574	4128073.227431176	0
326541.0504448092	4128073.2277324717	0
326541.057620161	4128073.2280337675	0
326541.0647955127	4128073.2283350634	0
326541.0719708645	4128073.2286363593	0
326541.0791462162	4128073.228937655	0
326541.086321568	4128073.2292389506	0
326541.0934969198	4128073.2295402465	0
326541.1006722715	4128073.2298415424	0
326541.1078476233	4128073.2301428383	0
326541.115022975	4128073.2304441337	0
326541.1221983268	4128073.2307454296	0
326541.1293736786	4128073.2310467255	0
326541.1365490303	4128073.2313480214	0
326541.1437243821	4128073.2316493173	0
326541.1508997339	4128073.2319506127	0
326541.1580750856	4128073.2322519086	0
326541.1652504374	4128073.2325532045	0
326541.1724257891	4128073.2328545004	0
326541.1796011409	4128073.2331557963	0
326541.1867764927	4128073.2334570917	0
326541.1939518444	4128073.2337583876	0
326541.2011271962	4128073.2340596835	0
326541.208302548	4128073.2343609794	0
326541.2154778997	4128073.2346622753	0
326541.2226532515	4128073.2349635707	0
326541.2298286032	4128073.2352648666	0
326541.237003955	4128073.2355661625	0
326541.2441793068	4128073.2358674584	0
326541.2513546585	4128073.2361687543	0
326541.2585300103	4128073.2364700497	0
326541.2657053621	4128073.2367713456	0
326541.2728807138	4128073.2370726415	0
326541.2800560656	4128073.2373739374	0
326541.2872314173	4128073.2376752333	0
326541.2944067691	4128073.2379765287	0
326541.3015821209	4128073.2382778246	0
326541.3087574726	4128073.2385791205	0
326541.3159328244	4128073.2388804164	0
326541.3231081761	4128073.239181712	0
326541.3302835279	4128073.2394830077	0
326541.3374588797	4128073.2397843036	0
326541.3446342314	4128073.2400855995	0
326541.3518095832	4128073.2403868954	0
326541.358984935	4128073.240688191	0
326541.3661602867	4128073.2409894867	0
326541.3733356385	4128073.2412907826	0
326541.3805109902	4128073.2415920785	0
326541.387686342	4128073.2418933744	0
326541.3948616938	4128073.24219467	0
326541.4020370455	4128073.2424959657	0
326541.4092123973	4128073.2427972616	0
326541.4163877491	4128073.2430985575	0
326541.4235631008	4128073.2433998534	0
326541.4307384526	4128073.243701149	0
326541.4379138043	4128073.2440024447	0
326541.4450891561	4128073.2443037406	0
326541.4522645079	4128073.2446050365	0
326541.4594398596	4128073.2449063323	0
326541.4666152114	4128073.245207628	0
326541.4737905631	4128073.2455089237	0
326541.4809659149	4128073.2458102196	0
326541.4881412667	4128073.2461115154	0
326541.4953166184	4128073.246412811	0
326541.5024919702	4128073.2467141068	0
326541.509667322	4128073.2470154027	0
326541.5168426737	4128073.2473166985	0
326541.5240180255	4128073.2476179944	0
326541.5311933772	4128073.24791929	0
326541.538368729	4128073.2482205858	0
326541.5455440808	4128073.2485218816	0
326541.5527194325	4128073.2488231775	0
326541.5598947843	4128073.2491244734	0
326541.5670701361	4128073.249425769	0
326541.5742454878	4128073.2497270647	0
326541.5814208396	4128073.2500283606	0
326541.5885961913	4128073.2503296565	0
326541.5957715431	4128073.2506309524	0
326541.6029468949	4128073.250932248	0
326541.6101222466	4128073.2512335437	0
326541.6172975984	4128073.2515348396	0
326541.6244729501	4128073.2518361355	0
326541.6316483019	4128073.2521374314	0
326541.6388236537	4128073.252438727	0
326541.6459990054	4128073.2527400227	0
326541.6531743572	4128073.2530413186	0
326541.660349709	4128073.2533426145	0
326541.6675250607	4128073.2536439104	0
326541.6747004125	4128073.253945206	0
326541.6818757642	4128073.2542465017	0
326541.689051116	4128073.2545477976	0
326541.6962264678	4128073.2548490935	0
326541.7034018195	4128073.255150389	0
326541.7105771713	4128073.255451685	0
326541.7177525231	4128073.2557529807	0
326541.7249278748	4128073.2560542766	0
326541.7321032266	4128073.2563555725	0
326541.7392785783	4128073.256656868	0
326541.7464539301	4128073.256958164	0
326541.7536292819	4128073.2572594597	0
326541.7608046336	4128073.2575607556	0
326541.7679799854	4128073.2578620515	0
326541.7751553372	4128073.258163347	0
326541.7823306889	4128073.258464643	0
326541.7895060407	4128073.2587659387	0
326541.7966813924	4128073.2590672346	0
326541.8038567442	4128073.2593685305	0
326541.811032096	4128073.259669826	0
326541.8182074477	4128073.259971122	0
326541.8253827995	4128073.2602724177	0
326541.8325581512	4128073.2605737136	0
326541.839733503	4128073.2608750095	0
326541.8469088548	4128073.261176305	0
326541.8540842065	4128073.261477601	0
326541.8612595583	4128073.2617788967	0
326541.8684349101	4128073.2620801926	0
326541.8756102618	4128073.262381488	0
326541.8827856136	4128073.262682784	0
326541.8899609653	4128073.26298408	0
326541.8971363171	4128073.2632853757	0
326541.9043116689	4128073.2635866716	0
326541.9114870206	4128073.263887967	0
326541.9186623724	4128073.264189263	0
326541.9258377242	4128073.2644905588	0
326541.9330130759	4128073.2647918547	0
326541.9401884277	4128073.2650931505	0
326541.9473637794	4128073.265394446	0
326541.9545391312	4128073.265695742	0
326541.961714483	4128073.2659970378	0
326541.9688898347	4128073.2662983336	0
326541.9760651865	4128073.2665996295	0
326541.9832405382	4128073.266900925	0
326541.99041589	4128073.267202221	0
326541.9975912418	4128073.2675035167	0
326542.0047665935	4128073.2678048126	0
326542.0119419453	4128073.2681061085	0
326542.0191172971	4128073.268407404	0
326542.0262926488	4128073.2687087	0
326542.0334680006	4128073.2690099957	0
326542.0406433523	4128073.2693112916	0
326542.0478187041	4128073.2696125875	0
326542.0549940559	4128073.269913883	0
326542.0621694076	4128073.270215179	0
326542.0693447594	4128073.2705164747	0
326542.0765201112	4128073.2708177706	0
326542.0836954629	4128073.271119066	0
326542.0908708147	4128073.271420362	0
326542.0980461664	4128073.271721658	0
326542.1052215182	4128073.2720229537	0
326542.11239687	4128073.2723242496	0
326542.1195722217	4128073.272625545	0
326542.1267475735	4128073.272926841	0
326542.1339229253	4128073.273228137	0
326542.141098277	4128073.2735294327	0
326542.1482736288	4128073.2738307286	0
326542.1554489805	4128073.274132024	0
326542.1626243323	4128073.27443332	0
326542.1697996841	4128073.274734616	0
326542.1769750358	4128073.2750359117	0
326542.1841503876	4128073.2753372076	0
326542.1913257393	4128073.275638503	0
326542.1985010911	4128073.275939799	0
326542.2056764429	4128073.276241095	0
326542.2128517946	4128073.2765423907	0
326542.2200271464	4128073.2768436866	0
326542.2272024982	4128073.277144982	0
326542.2343778499	4128073.277446278	0
326542.2415532017	4128073.277747574	0
326542.2487285534	4128073.2780488697	0
326542.2559039052	4128073.278350165	0
326542.263079257	4128073.278651461	0
326542.2702546087	4128073.278952757	0
326542.2774299605	4128073.279254053	0
326542.2846053123	4128073.2795553487	0
326542.291780664	4128073.279856644	0
326542.2989560158	4128073.28015794	0
326542.3061313675	4128073.280459236	0
326542.3133067193	4128073.280760532	0
326542.3204820711	4128073.2810618277	0
326542.3276574228	4128073.281363123	0
326542.3348327746	4128073.281664419	0
326542.3420081263	4128073.281965715	0
326542.3491834781	4128073.282267011	0
326542.3563588299	4128073.2825683067	0
326542.3635341816	4128073.282869602	0
326542.3707095334	4128073.283170898	0
326542.3778848852	4128073.283472194	0
326542.3850602369	4128073.2837734898	0
326542.3922355887	4128073.2840747857	0
326542.3994109404	4128073.284376081	0
326542.4065862922	4128073.284677377	0
326542.413761644	4128073.284978673	0
326542.4209369957	4128073.2852799688	0
326542.4281123475	4128073.285581264	0
326542.4352876993	4128073.28588256	0
326542.442463051	4128073.286183856	0
326542.4496384028	4128073.286485152	0
326542.4568137545	4128073.2867864477	0
326542.4639891063	4128073.287087743	0
326542.4711644581	4128073.287389039	0
326542.4783398098	4128073.287690335	0
326542.4855151616	4128073.287991631	0
326542.4926905133	4128073.2882929267	0
326542.4998658651	4128073.288594222	0
326542.5070412169	4128073.288895518	0
326542.5142165686	4128073.289196814	0
326542.5213919204	4128073.28949811	0
326542.5285672722	4128073.2897994057	0
326542.5357426239	4128073.290100701	0
326542.5429179757	4128073.290401997	0
326542.5500933274	4128073.290703293	0
326542.5572686792	4128073.291004589	0
326542.564444031	4128073.2913058847	0
326542.5716193827	4128073.29160718	0
326542.5787947345	4128073.291908476	0
326542.5859700863	4128073.292209772	0
326542.593145438	4128073.292511068	0
326542.6003207898	4128073.2928123637	0
326542.6074961415	4128073.293113659	0
326542.6146714933	4128073.293414955	0
326542.6218468451	4128073.293716251	0
326542.6290221968	4128073.294017547	0
326542.6361975486	4128073.2943188422	0
326542.6433729004	4128073.294620138	0
326542.6505482521	4128073.294921434	0
326542.6577236039	4128073.29522273	0
326542.6648989556	4128073.295524026	0
326542.6720743074	4128073.295825321	0
326542.6792496592	4128073.296126617	0
326542.6864250109	4128073.296427913	0
326542.6936003627	4128073.296729209	0
326542.7007757144	4128073.297030505	0
326542.7079510662	4128073.2973318	0
326542.715126418	4128073.297633096	0
326542.7223017697	4128073.297934392	0
326542.7294771215	4128073.298235688	0
326542.7366524733	4128073.298536984	0
326542.743827825	4128073.298838279	0
326542.7510031768	4128073.299139575	0
326542.7581785285	4128073.299440871	0
326542.7653538803	4128073.299742167	0
326542.7725292321	4128073.300043463	0
326542.7797045838	4128073.300344758	0
326542.7868799356	4128073.300646054	0
326542.7940552874	4128073.30094735	0
326542.8012306391	4128073.301248646	0
326542.8084059909	4128073.3015499413	0
326542.8155813426	4128073.301851237	0
326542.8227566944	4128073.302152533	0
326542.8299320462	4128073.302453829	0
326542.8371073979	4128073.302755125	0
326542.8442827497	4128073.3030564203	0
326542.8514581014	4128073.303357716	0
326542.8586334532	4128073.303659012	0
326542.865808805	4128073.303960308	0
326542.8729841567	4128073.304261604	0
326542.8801595085	4128073.3045628993	0
326542.8873348603	4128073.304864195	0
326542.894510212	4128073.305165491	0
326542.9016855638	4128073.305466787	0
326542.9088609155	4128073.305768083	0
326542.9160362673	4128073.3060693783	0
326542.9232116191	4128073.306370674	0
326542.9303869708	4128073.30667197	0
326542.9375623226	4128073.306973266	0
326542.9447376744	4128073.307274562	0
326542.9519130261	4128073.3075758573	0
326542.9590883779	4128073.307877153	0
326542.9662637296	4128073.308178449	0
326542.9734390814	4128073.308479745	0
326542.9806144332	4128073.308781041	0
326542.9877897849	4128073.3090823363	0
326542.9949651367	4128073.309383632	0
326543.0021404884	4128073.309684928	0
326543.0093158402	4128073.309986224	0
326543.016491192	4128073.3102875194	0
326543.0236665437	4128073.3105888152	0
326543.0308418955	4128073.310890111	0
326543.0380172473	4128073.311191407	0
326543.045192599	4128073.311492703	0
326543.0523679508	4128073.3117939983	0
326543.0595433025	4128073.3120952942	0
326543.0667186543	4128073.31239659	0
326543.0738940061	4128073.312697886	0
326543.0810693578	4128073.312999182	0
326543.0882447096	4128073.3133004773	0
326543.0954200614	4128073.313601773	0
326543.1025954131	4128073.313903069	0
326543.1097707649	4128073.314204365	0
326543.1169461166	4128073.314505661	0
326543.1241214684	4128073.3148069563	0
326543.1312968202	4128073.315108252	0
326543.1384721719	4128073.315409548	0
326543.1456475237	4128073.315710844	0
326543.1528228755	4128073.31601214	0
326543.1599982272	4128073.3163134353	0
326543.167173579	4128073.316614731	0
326543.1743489307	4128073.316916027	0
326543.1815242825	4128073.317217323	0
326543.1886996343	4128073.3175186184	0
326543.195874986	4128073.3178199143	0
326543.2030503378	4128073.31812121	0
326543.2102256895	4128073.318422506	0
326543.2174010413	4128073.318723802	0
326543.2245763931	4128073.3190250974	0
326543.2317517448	4128073.3193263933	0
326543.2389270966	4128073.319627689	0
326543.2461024484	4128073.319928985	0
326543.2532778001	4128073.320230281	0
326543.2604531519	4128073.3205315764	0
326543.2676285036	4128073.3208328723	0
326543.2748038554	4128073.321134168	0
326543.2819792072	4128073.321435464	0
326543.2891545589	4128073.32173676	0
326543.2963299107	4128073.3220380554	0
326543.3035052625	4128073.3223393513	0
326543.3106806142	4128073.322640647	0
326543.317855966	4128073.322941943	0
326543.3250313177	4128073.323243239	0
326543.3322066695	4128073.3235445344	0
326543.3393820213	4128073.3238458303	0
326543.346557373	4128073.324147126	0
326543.3537327248	4128073.324448422	0
326543.3609080765	4128073.324749718	0
326543.3680834283	4128073.3250510134	0
326543.3752587801	4128073.3253523093	0
326543.3824341318	4128073.325653605	0
326543.3896094836	4128073.325954901	0
326543.3967848354	4128073.3262561965	0
326543.4039601871	4128073.3265574924	0
326543.4111355389	4128073.3268587883	0
326543.4183108906	4128073.327160084	0
326543.4254862424	4128073.32746138	0
326543.4326615942	4128073.3277626755	0
326543.4398369459	4128073.3280639714	0
326543.4470122977	4128073.3283652673	0
326543.4541876495	4128073.328666563	0
326543.4613630012	4128073.328967859	0
326543.468538353	4128073.3292691545	0
326543.4757137047	4128073.3295704504	0
326543.4828890565	4128073.3298717462	0
326543.4900644083	4128073.330173042	0
326543.49723976	4128073.330474338	0
326543.5044151118	4128073.3307756335	0
326543.5115904636	4128073.3310769293	0
326543.5187658153	4128073.3313782252	0
326543.5259411671	4128073.331679521	0
326543.5331165188	4128073.331980817	0
326543.5402918706	4128073.3322821124	0
326543.5474672224	4128073.3325834083	0
326543.5546425741	4128073.332884704	0
326543.5618179259	4128073.333186	0
326543.5689932776	4128073.3334872955	0
326543.5761686294	4128073.3337885914	0
326543.5833439812	4128073.3340898873	0
326543.5905193329	4128073.334391183	0
326543.5976946847	4128073.334692479	0
326543.6048700365	4128073.3349937745	0
326543.6120453882	4128073.3352950704	0
326543.61922074	4128073.3355963663	0
326543.6263960917	4128073.335897662	0
326543.6335714435	4128073.336198958	0
326543.6407467953	4128073.3365002535	0
326543.647922147	4128073.3368015494	0
326543.6550974988	4128073.3371028453	0
326543.6622728506	4128073.337404141	0
326543.6694482023	4128073.337705437	0
326543.6766235541	4128073.3380067325	0
326543.6837989058	4128073.3383080284	0
326543.6909742576	4128073.3386093243	0
326543.6981496094	4128073.33891062	0
326543.7053249611	4128073.339211916	0
326543.7125003129	4128073.3395132115	0
326543.7196756646	4128073.3398145074	0
326543.7268510164	4128073.3401158033	0
326543.7340263682	4128073.340417099	0
326543.7412017199	4128073.340718395	0
326543.7483770717	4128073.3410196905	0
326543.7555524235	4128073.3413209864	0
326543.7627277752	4128073.3416222823	0
326543.769903127	4128073.341923578	0
326543.7770784787	4128073.3422248736	0
326543.7842538305	4128073.3425261695	0
326543.7914291823	4128073.3428274654	0
326543.798604534	4128073.3431287613	0
326543.8057798858	4128073.343430057	0
326543.8129552376	4128073.3437313526	0
326543.8201305893	4128073.3440326485	0
326543.8273059411	4128073.3443339444	0
326543.8344812928	4128073.3446352403	0
326543.8416566446	4128073.344936536	0
326543.8488319964	4128073.3452378316	0
326543.8560073481	4128073.3455391275	0
326543.8631826999	4128073.3458404234	0
326543.8703580516	4128073.3461417193	0
326543.8775334034	4128073.346443015	0
326543.8847087552	4128073.3467443106	0
326543.8918841069	4128073.3470456065	0
326543.8990594587	4128073.3473469024	0
326543.9062348105	4128073.3476481983	0
326543.9134101622	4128073.347949494	0
326543.920585514	4128073.3482507896	0
326543.9277608657	4128073.3485520855	0
326543.9349362175	4128073.3488533814	0
326543.9421115693	4128073.3491546772	0
326543.949286921	4128073.3494559727	0
326543.9564622728	4128073.3497572686	0
326543.9636376246	4128073.3500585645	0
326543.9708129763	4128073.3503598603	0
326543.9779883281	4128073.3506611562	0
326543.9851636798	4128073.3509624517	0
326543.9923390316	4128073.3512637476	0
326543.9995143834	4128073.3515650434	0
326544.0066897351	4128073.3518663393	0
326544.0138650869	4128073.352167635	0
326544.0210404387	4128073.3524689307	0
326544.0282157904	4128073.3527702265	0
326544.0353911422	4128073.3530715224	0
326544.0425664939	4128073.3533728183	0
326544.0497418457	4128073.353674114	0
326544.0569171975	4128073.3539754096	0
326544.0640925492	4128073.3542767055	0
326544.071267901	4128073.3545780014	0
326544.0784432527	4128073.3548792973	0
326544.0856186045	4128073.355180593	0
326544.0927939563	4128073.3554818886	0
326544.099969308	4128073.3557831845	0
326544.1071446598	4128073.3560844804	0
326544.1143200116	4128073.3563857763	0
326544.1214953633	4128073.356687072	0
326544.1286707151	4128073.3569883676	0
326544.1358460668	4128073.3572896635	0
326544.1430214186	4128073.3575909594	0
326544.1501967704	4128073.3578922553	0
326544.1573721221	4128073.3581935507	0
326544.1645474739	4128073.3584948466	0
326544.1717228257	4128073.3587961425	0
326544.1788981774	4128073.3590974384	0
326544.1860735292	4128073.3593987343	0
326544.1932488809	4128073.3597000297	0
326544.2004242327	4128073.3600013256	0
326544.2075995845	4128073.3603026215	0
326544.2147749362	4128073.3606039174	0
326544.221950288	4128073.3609052133	0
326544.2291256397	4128073.3612065087	0
326544.2363009915	4128073.3615078046	0
326544.2434763433	4128073.3618091005	0
326544.250651695	4128073.3621103964	0
326544.2578270468	4128073.3624116923	0
326544.2650023986	4128073.3627129877	0
326544.2721777503	4128073.3630142836	0
326544.2793531021	4128073.3633155795	0
326544.2865284538	4128073.3636168754	0
326544.2937038056	4128073.3639181713	0
326544.3008791574	4128073.3642194667	0
326544.3080545091	4128073.3645207626	0
326544.3152298609	4128073.3648220585	0
326544.3224052127	4128073.3651233544	0
326544.3295805644	4128073.36542465	0
326544.3367559162	4128073.3657259457	0
326544.3439312679	4128073.3660272416	0
326544.3511066197	4128073.3663285375	0
326544.3582819715	4128073.3666298334	0
326544.3654573232	4128073.366931129	0
326544.372632675	4128073.3672324247	0
326544.3798080268	4128073.3675337206	0
326544.3869833785	4128073.3678350165	0
326544.3941587303	4128073.3681363123	0
326544.401334082	4128073.368437608	0
326544.4085094338	4128073.3687389037	0
326544.4156847856	4128073.3690401996	0
326544.4228601373	4128073.3693414954	0
326544.4300354891	4128073.3696427913	0
326544.4372108408	4128073.3699440868	0
326544.4443861926	4128073.3702453827	0
326544.4515615444	4128073.3705466785	0
326544.4587368961	4128073.3708479744	0
326544.4659122479	4128073.3711492703	0
326544.4730875997	4128073.3714505658	0
326544.4802629514	4128073.3717518616	0
326544.4874383032	4128073.3720531575	0
326544.4946136549	4128073.3723544534	0
326544.5017890067	4128073.3726557493	0
326544.5089643585	4128073.3729570447	0
326544.5161397102	4128073.3732583406	0
326544.523315062	4128073.3735596365	0
326544.5304904138	4128073.3738609324	0
326544.5376657655	4128073.374162228	0
326544.5448411173	4128073.3744635237	0
326544.552016469	4128073.3747648196	0
326544.5591918208	4128073.3750661155	0
326544.5663671726	4128073.3753674114	0
326544.5735425243	4128073.375668707	0
326544.5807178761	4128073.3759700027	0
326544.5878932278	4128073.3762712986	0
326544.5950685796	4128073.3765725945	0
326544.6022439314	4128073.3768738904	0
326544.6094192831	4128073.377175186	0
326544.6165946349	4128073.3774764817	0
326544.6237699867	4128073.3777777776	0
326544.6309453384	4128073.3780790735	0
326544.6381206902	4128073.3783803694	0
326544.6452960419	4128073.378681665	0
326544.6524713937	4128073.3789829607	0
326544.6596467455	4128073.3792842566	0
326544.6668220972	4128073.3795855525	0
326544.673997449	4128073.3798868484	0
326544.6811728008	4128073.380188144	0
326544.6883481525	4128073.3804894397	0
326544.6955235043	4128073.3807907356	0
326544.702698856	4128073.3810920315	0
326544.7098742078	4128073.381393327	0
326544.7170495596	4128073.381694623	0
326544.7242249113	4128073.3819959187	0
326544.7314002631	4128073.3822972146	0
326544.7385756148	4128073.3825985105	0
326544.7457509666	4128073.382899806	0
326544.7529263184	4128073.383201102	0
326544.7601016701	4128073.3835023977	0
326544.7672770219	4128073.3838036936	0
326544.7744523737	4128073.3841049895	0
326544.7816277254	4128073.384406285	0
326544.7888030772	4128073.384707581	0
326544.7959784289	4128073.3850088767	0
326544.8031537807	4128073.3853101726	0
326544.8103291325	4128073.3856114685	0
326544.8175044842	4128073.385912764	0
326544.824679836	4128073.38621406	0
326544.8318551878	4128073.3865153557	0
326544.8390305395	4128073.3868166516	0
326544.8462058913	4128073.3871179475	0
326544.853381243	4128073.387419243	0
326544.8605565948	4128073.387720539	0
326544.8677319466	4128073.3880218347	0
326544.8749072983	4128073.3883231306	0
326544.8820826501	4128073.388624426	0
326544.8892580019	4128073.388925722	0
326544.8964333536	4128073.3892270178	0
326544.9036087054	4128073.3895283137	0
326544.9107840571	4128073.3898296095	0
326544.9179594089	4128073.390130905	0
326544.9251347607	4128073.390432201	0
326544.9323101124	4128073.3907334968	0
326544.9394854642	4128073.3910347926	0
326544.9466608159	4128073.3913360885	0
326544.9538361677	4128073.391637384	0
326544.9610115195	4128073.39193868	0
326544.9681868712	4128073.3922399757	0
326544.975362223	4128073.3925412716	0
326544.9825375748	4128073.3928425675	0
326544.9897129265	4128073.393143863	0
326544.9968882783	4128073.393445159	0
326545.00406363	4128073.3937464547	0
326545.0112389818	4128073.3940477506	0
326545.0184143336	4128073.3943490465	0
326545.0255896853	4128073.394650342	0
326545.0327650371	4128073.394951638	0
326545.0399403889	4128073.3952529337	0
326545.0471157406	4128073.3955542296	0
326545.0542910924	4128073.3958555255	0
326545.0614664441	4128073.396156821	0
326545.0686417959	4128073.396458117	0
326545.0758171477	4128073.3967594127	0
326545.0829924994	4128073.3970607086	0
326545.0901678512	4128073.397362004	0
326545.0973432029	4128073.3976633	0
326545.1045185547	4128073.397964596	0
326545.1116939065	4128073.3982658917	0
326545.1188692582	4128073.3985671876	0
326545.12604461	4128073.398868483	0
326545.1332199618	4128073.399169779	0
326545.1403953135	4128073.399471075	0
326545.1475706653	4128073.3997723707	0
326545.154746017	4128073.4000736666	0
326545.1619213688	4128073.400374962	0
326545.1690967206	4128073.400676258	0
326545.1762720723	4128073.400977554	0
326545.1834474241	4128073.4012788497	0
326545.1906227759	4128073.4015801456	0
326545.1977981276	4128073.401881441	0
326545.2049734794	4128073.402182737	0
326545.2121488311	4128073.402484033	0
326545.2193241829	4128073.4027853287	0
326545.2264995347	4128073.4030866246	0
326545.2336748864	4128073.40338792	0
326545.2408502382	4128073.403689216	0
326545.2480255899	4128073.403990512	0
326545.2552009417	4128073.4042918077	0
326545.2623762935	4128073.404593103	0
326545.2695516452	4128073.404894399	0
326545.276726997	4128073.405195695	0
326545.2839023488	4128073.405496991	0
326545.2910777005	4128073.4057982867	0
326545.2982530523	4128073.406099582	0
326545.305428404	4128073.406400878	0
326545.3126037558	4128073.406702174	0
326545.3197791076	4128073.4070034698	0
326545.3269544593	4128073.4073047657	0
326545.3341298111	4128073.407606061	0
326545.3413051629	4128073.407907357	0
326545.3484805146	4128073.408208653	0
326545.3556558664	4128073.4085099488	0
326545.3628312181	4128073.4088112446	0
326545.3700065699	4128073.40911254	0
326545.3771819217	4128073.409413836	0
326545.3843572734	4128073.409715132	0
326545.3915326252	4128073.4100164277	0
326545.398707977	4128073.4103177236	0
326545.4058833287	4128073.410619019	0
326545.4130586805	4128073.410920315	0
326545.4202340322	4128073.411221611	0
326545.427409384	4128073.4115229067	0
326545.4345847358	4128073.4118242026	0
326545.4417600875	4128073.412125498	0
326545.4489354393	4128073.412426794	0
326545.456110791	4128073.41272809	0
326545.4632861428	4128073.4130293857	0
326545.4704614946	4128073.413330681	0
326545.4776368463	4128073.413631977	0
326545.4848121981	4128073.413933273	0
326545.4919875499	4128073.414234569	0
326545.4991629016	4128073.4145358647	0
326545.5063382534	4128073.41483716	0
326545.5135136051	4128073.415138456	0
326545.5206889569	4128073.415439752	0
326545.5278643087	4128073.415741048	0
326545.5350396604	4128073.4160423437	0
326545.5422150122	4128073.416343639	0
326545.549390364	4128073.416644935	0
326545.5565657157	4128073.416946231	0
326545.5637410675	4128073.417247527	0
326545.5709164192	4128073.4175488227	0
326545.578091771	4128073.417850118	0
326545.5852671228	4128073.418151414	0
326545.5924424745	4128073.41845271	0
326545.5996178263	4128073.418754006	0
326545.606793178	4128073.4190553017	0
326545.6139685298	4128073.419356597	0
326545.6211438816	4128073.419657893	0
326545.6283192333	4128073.419959189	0
326545.6354945851	4128073.420260485	0
326545.6426699369	4128073.42056178	0
326545.6498452886	4128073.420863076	0
326545.6570206404	4128073.421164372	0
326545.6641959921	4128073.421465668	0
326545.6713713439	4128073.421766964	0
326545.6785466957	4128073.422068259	0
326545.6857220474	4128073.422369555	0
326545.6928973992	4128073.422670851	0
326545.700072751	4128073.422972147	0
326545.7072481027	4128073.423273443	0
326545.7144234545	4128073.423574738	0
326545.7215988062	4128073.423876034	0
326545.728774158	4128073.42417733	0
326545.7359495098	4128073.424478626	0
326545.7431248615	4128073.424779922	0
326545.7503002133	4128073.425081217	0
326545.7574755651	4128073.425382513	0
326545.7646509168	4128073.425683809	0
326545.7718262686	4128073.425985105	0
326545.7790016203	4128073.4262864008	0
326545.7861769721	4128073.426587696	0
326545.7933523239	4128073.426888992	0
326545.8005276756	4128073.427190288	0
326545.8077030274	4128073.427491584	0
326545.8148783791	4128073.4277928798	0
326545.8220537309	4128073.428094175	0
326545.8292290827	4128073.428395471	0
326545.8364044344	4128073.428696767	0
326545.8435797862	4128073.428998063	0
326545.850755138	4128073.4292993583	0
326545.8579304897	4128073.429600654	0
326545.8651058415	4128073.42990195	0
326545.8722811932	4128073.430203246	0
326545.879456545	4128073.430504542	0
326545.8866318968	4128073.4308058373	0
326545.8938072485	4128073.431107133	0
326545.9009826003	4128073.431408429	0
326545.9081579521	4128073.431709725	0
326545.9153333038	4128073.432011021	0
326545.9225086556	4128073.4323123163	0
326545.9296840073	4128073.432613612	0
326545.9368593591	4128073.432914908	0
326545.9440347109	4128073.433216204	0
326545.9512100626	4128073.4335175	0
326545.9583854144	4128073.4338187953	0
326545.9655607661	4128073.434120091	0
326545.9727361179	4128073.434421387	0
326545.9799114697	4128073.434722683	0
326545.9870868214	4128073.435023979	0
326545.9942621732	4128073.4353252742	0
326546.001437525	4128073.43562657	0
326546.0086128767	4128073.435927866	0
326546.0157882285	4128073.436229162	0
326546.0229635802	4128073.4365304573	0
326546.030138932	4128073.4368317532	0
326546.0373142838	4128073.437133049	0
326546.0444896355	4128073.437434345	0
326546.0516649873	4128073.437735641	0
326546.0588403391	4128073.4380369363	0
326546.0660156908	4128073.438338232	0
326546.0731910426	4128073.438639528	0
326546.0803663943	4128073.438940824	0
326546.0875417461	4128073.43924212	0
326546.0947170979	4128073.4395434153	0
326546.1018924496	4128073.439844711	0
326546.1090678014	4128073.440146007	0
326546.1162431531	4128073.440447303	0
326546.1234185049	4128073.440748599	0
326546.1305938567	4128073.4410498943	0
326546.1377692084	4128073.44135119	0
326546.1449445602	4128073.441652486	0
326546.152119912	4128073.441953782	0
326546.1592952637	4128073.442255078	0
326546.1664706155	4128073.4425563733	0
326546.1736459672	4128073.442857669	0
326546.180821319	4128073.443158965	0
326546.1879966708	4128073.443460261	0
326546.1951720225	4128073.443761557	0
326546.2023473743	4128073.4440628523	0
326546.2095227261	4128073.444364148	0
326546.2166980778	4128073.444665444	0
326546.2238734296	4128073.44496674	0
326546.2310487813	4128073.4452680354	0
326546.2382241331	4128073.4455693313	0
326546.2453994849	4128073.445870627	0
326546.2525748366	4128073.446171923	0
326546.2597501884	4128073.446473219	0
326546.26692554017	4128073.4467745144	0
326546.2741008919	4128073.4470758103	0
326546.2812762437	4128073.447377106	0
326546.2884515954	4128073.447678402	0
326546.2956269472	4128073.447979698	0
326546.302802299	4128073.4482809934	0
326546.3099776507	4128073.4485822893	0
326546.3171530025	4128073.448883585	0
326546.3243283542	4128073.449184881	0
326546.331503706	4128073.449486177	0
326546.3386790578	4128073.4497874724	0
326546.3458544095	4128073.4500887683	0
326546.3530297613	4128073.450390064	0
326546.3602051131	4128073.45069136	0
326546.3673804648	4128073.450992656	0
326546.3745558166	4128073.4512939514	0
326546.3817311683	4128073.4515952473	0
326546.3889065201	4128073.451896543	0
326546.3960818719	4128073.452197839	0
326546.4032572236	4128073.4524991345	0
326546.4104325754	4128073.4528004304	0
326546.4176079272	4128073.4531017262	0
326546.4247832789	4128073.453403022	0
326546.4319586307	4128073.453704318	0
326546.4391339824	4128073.4540056135	0
326546.4463093342	4128073.4543069093	0
326546.453484686	4128073.4546082052	0
326546.4606600377	4128073.454909501	0
326546.4678353895	4128073.455210797	0
326546.4750107412	4128073.4555120924	0
326546.482186093	4128073.4558133883	0
326546.4893614448	4128073.456114684	0
326546.4965367965	4128073.45641598	0
326546.5037121483	4128073.456717276	0
326546.5108875001	4128073.4570185714	0
326546.5180628518	4128073.4573198673	0
326546.5252382036	4128073.457621163	0
326546.5324135553	4128073.457922459	0
326546.5395889071	4128073.458223755	0
326546.5467642589	4128073.4585250504	0
326546.5539396106	4128073.4588263463	0
326546.5611149624	4128073.459127642	0
326546.5682903142	4128073.459428938	0
326546.5754656659	4128073.459730234	0
326546.5826410177	4128073.4600315294	0
326546.5898163694	4128073.4603328253	0
326546.5969917212	4128073.460634121	0
326546.604167073	4128073.460935417	0
326546.6113424247	4128073.4612367125	0
326546.6185177765	4128073.4615380084	0
326546.62569312827	4128073.4618393043	0
326546.63286848	4128073.4621406	0
326546.6400438318	4128073.462441896	0
326546.6472191835	4128073.4627431915	0
326546.6543945353	4128073.4630444874	0
326546.6615698871	4128073.4633457833	0
326546.6687452388	4128073.463647079	0
326546.6759205906	4128073.463948375	0
326546.6830959423	4128073.4642496705	0
326546.6902712941	4128073.4645509664	0
326546.6974466459	4128073.4648522623	0
326546.7046219976	4128073.465153558	0
326546.7117973494	4128073.465454854	0
326546.7189727012	4128073.4657561495	0
326546.7261480529	4128073.4660574454	0
326546.7333234047	4128073.4663587413	0
326546.7404987564	4128073.466660037	0
326546.7476741082	4128073.466961333	0
326546.75484946	4128073.4672626285	0
326546.7620248117	4128073.4675639244	0
326546.7692001635	4128073.4678652203	0
326546.77637551527	4128073.468166516	0
326546.783550867	4128073.4684678116	0
326546.7907262188	4128073.4687691075	0
326546.7979015705	4128073.4690704034	0
326546.8050769223	4128073.4693716993	0
326546.8122522741	4128073.469672995	0
326546.8194276258	4128073.4699742906	0
326546.8266029776	4128073.4702755865	0
326546.8337783293	4128073.4705768824	0
326546.8409536811	4128073.4708781783	0
326546.8481290329	4128073.471179474	0
326546.8553043846	4128073.4714807696	0
326546.8624797364	4128073.4717820655	0
326546.8696550882	4128073.4720833614	0
326546.8768304399	4128073.4723846572	0
326546.8840057917	4128073.472685953	0
326546.8911811434	4128073.4729872486	0
326546.8983564952	4128073.4732885445	0
326546.905531847	4128073.4735898403	0
326546.9127071987	4128073.4738911362	0
326546.9198825505	4128073.474192432	0
326546.92705790227	4128073.4744937276	0
326546.934233254	4128073.4747950234	0
326546.9414086058	4128073.4750963193	0
326546.9485839575	4128073.475397615	0
326546.9557593093	4128073.475698911	0
326546.9629346611	4128073.4760002065	0
326546.9701100128	4128073.4763015024	0
326546.9772853646	4128073.4766027983	0
326546.9844607163	4128073.476904094	0
326546.9916360681	4128073.4772053896	0
326546.9988114199	4128073.4775066855	0
326547.0059867716	4128073.4778079814	0
326547.0131621234	4128073.4781092773	0
326547.0203374752	4128073.478410573	0
326547.0275128269	4128073.4787118686	0
326547.0346881787	4128073.4790131645	0
326547.0418635304	4128073.4793144604	0
326547.0490388822	4128073.4796157563	0
326547.056214234	4128073.479917052	0
326547.0633895857	4128073.4802183476	0
326547.0705649375	4128073.4805196435	0
326547.07774028927	4128073.4808209394	0
326547.084915641	4128073.4811222353	0
326547.0920909928	4128073.481423531	0
326547.0992663445	4128073.4817248266	0
326547.1064416963	4128073.4820261225	0
326547.1136170481	4128073.4823274184	0
326547.1207923998	4128073.4826287143	0
326547.1279677516	4128073.48293001	0
326547.13514310337	4128073.4832313056	0
326547.1423184551	4128073.4835326015	0
326547.1494938069	4128073.4838338974	0
326547.1566691586	4128073.4841351933	0
326547.1638445104	4128073.4844364887	0
326547.1710198622	4128073.4847377846	0
326547.1781952139	4128073.4850390805	0
326547.1853705657	4128073.4853403764	0
326547.1925459174	4128073.4856416723	0
326547.1997212692	4128073.4859429677	0
326547.206896621	4128073.4862442636	0
326547.2140719727	4128073.4865455595	0
326547.2212473245	4128073.4868468554	0
326547.2284226763	4128073.4871481513	0
326547.235598028	4128073.4874494467	0
326547.2427733798	4128073.4877507426	0
326547.2499487315	4128073.4880520385	0
326547.2571240833	4128073.4883533344	0
326547.2642994351	4128073.4886546303	0
326547.2714747868	4128073.4889559257	0
326547.2786501386	4128073.4892572216	0
326547.28582549037	4128073.4895585175	0
326547.2930008421	4128073.4898598134	0
326547.3001761939	4128073.4901611093	0
326547.3073515456	4128073.4904624047	0
326547.3145268974	4128073.4907637006	0
326547.3217022492	4128073.4910649965	0
326547.3288776009	4128073.4913662923	0
326547.3360529527	4128073.491667588	0
326547.3432283044	4128073.4919688837	0
326547.3504036562	4128073.4922701796	0
326547.357579008	4128073.4925714754	0
326547.3647543597	4128073.4928727713	0
326547.3719297115	4128073.4931740668	0
326547.3791050633	4128073.4934753627	0
326547.386280415	4128073.4937766585	0
326547.3934557668	4128073.4940779544	0
326547.4006311185	4128073.4943792503	0
326547.4078064703	4128073.4946805458	0
326547.4149818221	4128073.4949818416	0
326547.4221571738	4128073.4952831375	0
326547.4293325256	4128073.4955844334	0
326547.43650787737	4128073.4958857293	0
326547.4436832291	4128073.4961870247	0
326547.4508585809	4128073.4964883206	0
326547.4580339326	4128073.4967896165	0
326547.4652092844	4128073.4970909124	0
326547.4723846362	4128073.4973922083	0
326547.4795599879	4128073.4976935037	0
326547.4867353397	4128073.4979947996	0
326547.4939106914	4128073.4982960955	0
326547.5010860432	4128073.4985973914	0
326547.508261395	4128073.4988986873	0
326547.5154367467	4128073.4991999827	0
326547.5226120985	4128073.4995012786	0
326547.5297874503	4128073.4998025745	0
326547.536962802	4128073.5001038704	0
326547.5441381538	4128073.500405166	0
326547.5513135055	4128073.5007064617	0
326547.5584888573	4128073.5010077576	0
326547.5656642091	4128073.5013090535	0
326547.5728395608	4128073.5016103494	0
326547.5800149126	4128073.501911645	0
326547.58719026437	4128073.5022129407	0
326547.5943656161	4128073.5025142366	0
326547.6015409679	4128073.5028155325	0
326547.6087163196	4128073.5031168284	0
326547.6158916714	4128073.503418124	0
326547.6230670232	4128073.5037194197	0
326547.6302423749	4128073.5040207156	0
326547.6374177267	4128073.5043220115	0
326547.64459307847	4128073.5046233074	0
326547.6517684302	4128073.504924603	0
326547.658943782	4128073.5052258987	0
326547.6661191337	4128073.5055271946	0
326547.6732944855	4128073.5058284905	0
326547.6804698373	4128073.5061297864	0
326547.687645189	4128073.506431082	0
326547.6948205408	4128073.5067323777	0
326547.7019958925	4128073.5070336736	0
326547.7091712443	4128073.5073349695	0
326547.7163465961	4128073.507636265	0
326547.7235219478	4128073.507937561	0
326547.7306972996	4128073.5082388567	0
326547.73787265137	4128073.5085401526	0
326547.7450480031	4128073.5088414485	0
326547.7522233549	4128073.509142744	0
326547.7593987066	4128073.50944404	0
326547.7665740584	4128073.5097453357	0
326547.7737494102	4128073.5100466316	0
326547.7809247619	4128073.5103479275	0
326547.7881001137	4128073.510649223	0
326547.79527546547	4128073.510950519	0
326547.8024508172	4128073.5112518147	0
326547.809626169	4128073.5115531106	0
326547.8168015207	4128073.5118544064	0
326547.8239768725	4128073.512155702	0
326547.8311522243	4128073.5124569978	0
326547.838327576	4128073.5127582937	0
326547.8455029278	4128073.5130595895	0
326547.8526782795	4128073.5133608854	0
326547.8598536313	4128073.513662181	0
326547.8670289831	4128073.5139634768	0
326547.8742043348	4128073.5142647726	0
326547.8813796866	4128073.5145660685	0
326547.8885550384	4128073.5148673644	0
326547.8957303901	4128073.51516866	0
326547.9029057419	4128073.5154699557	0
326547.9100810936	4128073.5157712516	0
326547.9172564454	4128073.5160725475	0
326547.9244317972	4128073.516373843	0
326547.9316071489	4128073.516675139	0
326547.9387825007	4128073.5169764347	0
326547.94595785247	4128073.5172777306	0
326547.9531332042	4128073.5175790265	0
326547.960308556	4128073.517880322	0
326547.9674839077	4128073.518181618	0
326547.9746592595	4128073.5184829137	0
326547.9818346113	4128073.5187842096	0
326547.989009963	4128073.5190855055	0
326547.9961853148	4128073.519386801	0
326548.00336066657	4128073.519688097	0
326548.0105360183	4128073.5199893927	0
326548.0177113701	4128073.5202906886	0
326548.0248867218	4128073.5205919845	0
326548.0320620736	4128073.52089328	0
326548.0392374254	4128073.521194576	0
326548.0464127771	4128073.5214958717	0
326548.0535881289	4128073.5217971676	0
326548.0607634806	4128073.5220984635	0
326548.0679388324	4128073.522399759	0
326548.0751141842	4128073.522701055	0
326548.0822895359	4128073.5230023507	0
326548.0894648877	4128073.5233036466	0
326548.09664023947	4128073.523604942	0
326548.1038155912	4128073.523906238	0
326548.110990943	4128073.524207534	0
326548.1181662947	4128073.5245088297	0
326548.1253416465	4128073.5248101256	0
326548.1325169983	4128073.525111421	0
326548.13969235	4128073.525412717	0
326548.1468677018	4128073.525714013	0
326548.15404305357	4128073.5260153087	0
326548.1612184053	4128073.5263166046	0
326548.1683937571	4128073.5266179	0
326548.1755691088	4128073.526919196	0
326548.1827444606	4128073.527220492	0
